      0 1.056243 0.949148 1.026689 0.922728
      1 1.046687 1.007579 1.081881 1.004810
      2 1.051148 1.059988 1.113191 1.008343
      3 0.999559 1.009881 1.033873 1.009813
      4 1.045985 1.004432 1.040024 0.947087
      5 1.023474 1.011523 0.980238 0.950372
      6 1.059723 1.064596 1.040741 1.096867
      7 1.063609 0.956111 1.022778 0.974150
      8 0.968188 1.003197 0.916433 1.000329
      9 0.950259 1.011592 0.923709 1.059146
     10 0.979048 0.848689 0.966397 0.843692
     11 1.030233 0.954839 1.049381 0.951880
     12 1.022125 0.835895 0.985961 0.828629
     13 1.001331 1.011215 0.941648 0.985445
     14 0.946881 1.007309 0.937810 1.041417
     15 0.982233 1.007140 0.975104 0.989572
     16 0.975882 1.023372 0.932177 1.052170
     17 0.967724 1.010911 0.963162 1.020591
     18 0.975583 0.987483 0.961832 0.947408
     19 1.028401 0.921243 1.023372 0.892252
     20 0.985613 1.008753 0.994310 1.053379
     21 0.909666 1.014181 0.889455 1.061205
     22 1.003797 1.053177 1.038626 1.060688
     23 0.974650 1.027643 1.005826 1.008719
     24 0.981636 0.964592 0.919757 0.947010
     25 1.053767 1.013028 0.960788 1.011573
     26 0.960259 0.982641 0.985561 0.946515
     27 1.004592 0.905602 1.048570 0.890351
     28 1.055161 1.007136 1.016513 0.960800
     29 1.067165 1.000071 1.062544 0.970938
     30 0.948386 1.087503 0.941679 1.062345
     31 1.058099 1.009467 0.992430 0.990943
     32 0.968097 1.012930 0.909526 1.008040
     33 1.041522 1.034114 1.027740 1.061551
     34 1.023008 0.945906 0.999936 0.895810
     35 0.989889 1.012117 1.007936 1.064874
     36 1.068727 0.996046 1.078322 0.983937
     37 1.043549 1.278504 0.998880 1.296920
     38 0.911397 1.006000 0.908166 1.004370
     39 1.006067 0.981332 0.953420 1.004930
     40 0.957954 1.004621 0.933257 1.002820
     41 0.986360 0.985493 0.993814 1.007762
     42 1.027073 1.006484 1.017812 1.003862
     43 0.949648 0.913747 0.930040 0.893683
     44 0.963869 1.024718 0.986429 1.002999
     45 1.013522 1.019347 1.015791 1.007617
     46 1.073545 0.977168 1.026250 0.946079
     47 0.975094 0.975022 0.946394 0.950714
     48 0.936409 0.984094 0.947707 0.990286
     49 0.987781 0.958367 1.005596 0.983109
     50 1.053695 1.011038 1.056533 1.047385
     51 0.996851 1.010739 1.069076 1.020224
     52 1.037663 0.952644 1.039336 0.915240
     53 0.952841 1.050493 0.966230 1.063072
     54 1.038689 1.010021 1.035850 1.029246
     55 1.020013 0.862504 0.984226 0.890466
     56 0.952297 1.032518 0.974092 1.005246
     57 1.025551 1.003920 1.003447 1.007126
     58 1.005020 0.870402 1.009576 0.829723
     59 1.047629 0.933917 1.037432 0.892777
     60 1.085962 1.004478 1.027050 0.949172
     61 1.061523 0.904392 1.055329 0.889074
     62 1.058124 0.936781 1.036950 0.926594
     63 0.997847 0.845841 1.040947 0.834725
     64 1.025030 1.007272 1.066995 1.006417
     65 0.943079 1.066943 0.966266 1.076776
     66 0.945641 1.011740 0.933679 1.059953
     67 1.023141 0.984865 0.920002 1.006656
     68 1.036338 0.977270 0.930490 1.001901
     69 1.024524 0.902131 1.019563 0.849105
     70 1.000070 1.034947 0.979979 1.061162
     71 1.062970 1.010571 1.068689 1.012662
     72 0.972254 0.966249 0.985668 0.980434
     73 0.901672 1.039370 0.906371 1.011697
     74 1.033600 1.060398 1.065452 1.057475
     75 1.014305 1.010472 1.004823 1.062136
     76 1.061892 0.965236 0.989622 0.959873
     77 0.991324 0.837352 1.004690 0.831978
     78 0.927980 1.009627 0.912123 1.011970
     79 0.955515 1.079691 0.938907 1.065934
     80 0.975277 1.010439 0.963644 1.006002
     81 0.959662 0.986244 0.910543 0.949415
     82 1.069310 1.060661 0.984851 1.057915
     83 1.027144 0.960517 1.009140 1.008288
     84 0.996859 1.031390 0.930297 1.043450
     85 0.942243 1.098557 0.922204 1.115728
     86 0.976278 1.041902 0.976737 1.005037
     87 1.016270 1.006160 1.033781 1.007852
     88 0.987811 1.060185 1.009024 1.060321
     89 1.013720 0.991491 0.922190 0.952325
     90 0.980532 1.007473 0.958765 1.060402
     91 0.910184 1.007842 0.947860 1.005131
     92 0.983520 1.007272 1.005802 0.950958
     93 1.042051 1.010074 1.003379 0.992840
     94 0.944437 1.045549 0.923113 1.004772
     95 1.033501 0.956394 1.054937 0.965461
     96 1.080450 1.010484 1.041645 1.010035
     97 0.980647 0.906472 0.994213 0.898263
     98 1.008183 1.001244 1.015290 0.947502
     99 1.032420 0.915248 0.976517 0.893683
    100 1.108441 1.006853 1.210843 1.059701
    101 1.006218 0.999632 1.086845 1.008574
    102 1.088826 1.006143 1.089256 1.004614
    103 1.066929 0.925859 1.161871 0.950172
    104 1.014968 1.017427 1.000765 1.005579
    105 0.918714 1.002602 0.907127 0.984219
    106 0.923182 1.005114 0.894647 0.964077
    107 1.009905 0.956620 1.022417 0.927069
    108 1.027094 0.973323 0.950176 1.003307
    109 1.021613 0.956993 0.969626 1.001910
    110 1.092133 1.059721 1.067477 1.006664
    111 1.023520 0.971698 1.008397 0.951235
    112 0.970738 1.011428 0.912225 1.004439
    113 0.921591 1.001946 0.915629 1.004802
    114 1.077408 0.991639 1.053798 1.001692
    115 0.918756 0.984799 0.974542 1.006412
    116 1.087781 1.065909 1.113412 1.076024
    117 1.020280 1.088205 0.994725 1.123990
    118 1.002974 1.058687 0.948851 1.031412
    119 1.006300 0.956816 0.974533 0.956238
    120 1.029644 1.033380 0.990172 1.061376
    121 0.886750 0.967095 0.922766 0.951504
    122 0.968751 1.039111 0.973508 1.004503
    123 0.961569 0.936236 0.931307 0.896473
    124 1.069034 1.019835 1.005259 1.055540
    125 0.969333 0.957235 0.939426 0.950958
    126 0.952599 0.953674 0.915500 0.996570
    127 0.965024 0.954917 0.995543 0.908174
    128 0.999070 1.031853 1.008833 1.018797
    129 1.013756 1.011116 1.020537 1.034189
    130 1.002174 1.007489 1.019772 1.012444
    131 1.020682 0.901159 0.992122 0.894055
    132 1.047652 1.009450 1.054997 1.058552
    133 1.001357 0.959570 0.996462 0.943900
    134 0.997359 0.950920 0.931246 0.944900
    135 1.021657 0.958060 0.999248 1.002696
    136 0.931755 1.066553 0.957025 1.112084
    137 0.926750 0.999501 0.923103 1.004118
    138 0.955307 1.007781 0.981535 1.059000
    139 0.949197 0.956730 0.955484 1.001341
    140 0.954666 1.065154 0.976357 1.090177
    141 0.967927 1.012265 0.977905 1.062956
    142 0.929226 0.950563 0.931149 0.930089
    143 0.996908 1.013069 1.005981 0.980285
    144 1.023107 1.035936 1.012084 1.060188
    145 1.017320 0.956907 0.996452 0.949779
    146 0.986284 1.031357 0.999733 1.062320
    147 0.988385 0.960776 0.999672 0.992520
    148 1.024154 1.020878 0.990431 1.058368
    149 1.033491 1.004670 1.061578 0.952470
    150 0.974402 1.059746 0.905114 1.058279
    151 1.008182 1.010948 1.004929 1.012350
    152 0.965256 0.953497 1.011805 0.931144
    153 0.968481 0.846695 0.984304 0.833418
    154 0.987640 1.005319 1.007718 0.947860
    155 1.026261 1.015129 1.075797 1.041643
    156 0.981923 0.954831 1.014064 0.996125
    157 0.965310 0.943691 0.961757 0.950116
    158 0.988376 0.985673 1.013795 0.949099
    159 0.932953 0.986420 0.939266 1.005878
    160 0.974053 0.953378 0.961978 0.942068
    161 0.972007 0.904683 0.967443 0.947625
    162 0.981398 1.006829 0.988541 1.055681
    163 0.915085 1.009586 0.908864 0.959117
    164 0.997097 1.060661 0.977166 1.061491
    165 1.039992 0.954720 1.021325 0.941653
    166 1.055707 1.007481 1.007771 1.003251
    167 0.963636 0.901946 0.993617 0.853381
    168 1.001932 1.000481 1.039787 1.002926
    169 0.950389 1.005503 0.904503 1.006763
    170 1.071962 1.007424 0.959504 0.998073
    171 1.027374 1.009028 1.046733 1.018980
    172 1.028147 1.064329 0.998834 1.110119
    173 0.963864 1.059590 0.957110 1.049453
    174 0.958418 1.043711 0.972018 1.054613
    175 1.022371 0.956480 0.960643 0.948847
    176 1.023332 1.051039 1.021182 1.040187
    177 0.997501 1.010698 1.010189 1.009330
    178 0.984380 1.005438 0.974877 1.003764
    179 0.910973 0.906090 0.890749 0.921131
    180 0.957209 1.051614 0.931452 1.003644
    181 0.962335 1.122666 0.990104 1.121508
    182 0.985881 1.029313 0.956999 1.027704
    183 1.081809 1.107965 0.958501 1.065396
    184 0.970310 1.017447 0.984958 1.061444
    185 0.995519 1.011108 1.022301 1.007036
    186 1.006265 1.065330 1.016455 1.086529
    187 1.025642 1.043005 1.004995 1.007305
    188 0.989098 1.106274 1.031040 1.119300
    189 1.029296 0.989895 1.060919 1.007984
    190 1.020674 1.060316 0.993029 1.058714
    191 1.029390 1.045512 1.023384 1.059257
    192 1.040454 1.006427 1.075717 1.004422
    193 0.953061 0.957489 0.990170 0.966183
    194 1.067299 1.013771 1.082671 1.060931
    195 1.000119 0.890593 0.981472 0.836139
    196 1.092021 1.061666 1.083485 1.059782
    197 1.070118 1.042652 1.131862 1.065455
    198 1.098329 1.154100 1.198812 1.165706
    199 0.980110 1.185554 1.030866 1.231123
    200 1.040267 1.006632 1.001756 1.058014
    201 0.997083 1.007998 0.968856 1.007429
    202 1.065218 1.008987 1.021553 1.060090
    203 1.022743 1.062569 1.038037 1.009296
    204 1.003244 1.006217 0.972275 0.954828
    205 1.023498 1.074381 1.007260 1.064810
    206 0.949825 1.011600 0.948339 1.004152
    207 0.969050 1.009455 0.906250 1.006271
    208 1.038336 1.007473 1.053711 1.059556
    209 1.069538 1.051696 1.038151 1.009001
    210 1.033857 1.005639 1.156705 1.005276
    211 1.088192 0.987782 1.208830 1.008873
    212 1.061565 0.974706 1.062258 1.005122
    213 1.076006 1.010952 1.074530 1.056993
    214 1.075026 1.008400 1.002218 1.058445
    215 0.987859 0.956304 0.958411 0.964026
    216 1.083183 1.041335 1.185820 1.054378
    217 1.055666 1.004556 0.997041 1.009608
    218 1.083857 1.065859 1.181440 1.113597
    219 1.000091 1.005150 0.959812 0.951675
    220 0.994627 1.006972 0.984192 1.059594
    221 0.964788 1.010251 0.962217 1.024133
    222 1.003502 0.960111 1.001789 0.950398
    223 1.055946 1.007637 0.959729 0.995510
    224 1.036316 0.951844 1.075228 0.898331
    225 0.959104 1.010661 0.956349 1.008215
    226 0.935400 1.088919 0.938827 1.118868
    227 1.034951 1.049903 0.981794 1.007972
    228 0.953088 1.008946 0.963620 1.006737
    229 0.938907 1.014887 0.953665 1.007626
    230 1.022226 0.984131 1.058108 1.001850
    231 0.936404 0.985140 0.963724 1.006263
    232 1.023380 1.057789 1.030704 1.062388
    233 1.042640 1.011141 1.011474 1.056724
    234 1.017568 1.007949 0.964948 1.029528
    235 1.062778 1.003645 0.999553 1.001969
    236 0.972659 1.052274 0.943407 1.042831
    237 1.066962 1.030655 1.021068 1.008493
    238 1.072736 1.001060 0.972716 0.997322
    239 0.979562 0.954371 0.961246 0.893534
    240 1.065107 1.011445 1.103892 1.060872
    241 0.968032 0.980873 1.043930 1.008993
    242 0.945790 1.061662 0.986228 1.061735
    243 1.079833 0.931062 1.145708 0.950043
    244 0.937791 1.033158 0.957750 1.054630
    245 0.949376 1.009791 0.986080 1.004879
    246 0.996857 0.953403 0.959036 0.926911
    247 0.964754 1.004576 0.950740 0.966426
    248 1.078224 1.034032 1.173428 1.059317
    249 1.084222 1.008121 1.185268 1.008557
    250 1.004376 1.002356 1.109828 0.986330
    251 0.987122 1.008757 1.035508 0.968434
    252 0.992550 0.892891 1.007808 0.849660
    253 1.002819 0.992542 0.996052 0.952440
    254 1.052972 1.077848 1.041279 1.114682
    255 0.988473 0.956086 0.983049 0.975598
    256 0.978826 1.007760 1.027382 1.006113
    257 0.924392 1.007194 0.928523 1.008424
    258 0.913586 1.016315 0.920474 1.003798
    259 1.036670 1.122313 0.999902 1.098234
    260 1.047099 0.895049 0.998780 0.858443
    261 0.931220 0.954400 0.919382 0.893119
    262 1.050867 0.950252 1.065617 0.946058
    263 0.988070 1.004211 1.026137 0.951432
    264 1.072720 1.114243 0.996069 1.074636
    265 0.936069 0.958203 0.938801 1.001243
    266 1.028301 1.006414 0.924254 1.024957
    267 0.983004 1.010050 0.994817 1.033676
    268 1.050191 0.974952 1.061490 0.994720
    269 1.030702 0.968498 1.051348 1.005109
    270 1.046901 1.006681 1.077954 0.962266
    271 1.003866 1.016294 0.988699 1.064020
    272 1.096750 0.959840 1.204995 1.002939
    273 0.954223 1.006098 0.944388 0.967674
    274 0.960228 1.108798 0.984500 1.062615
    275 1.000684 1.009057 1.035879 0.981075
    276 0.958276 1.117053 0.913754 1.116924
    277 0.969520 1.002939 0.936925 0.971455
    278 0.903894 1.089727 0.888791 1.105710
    279 1.074865 1.066791 1.080023 1.063836
    280 1.026852 1.007251 1.032656 1.011539
    281 1.058185 1.006094 1.074811 1.008527
    282 1.058108 1.118054 1.028826 1.069065
    283 0.971316 1.123852 0.948744 1.135396
    284 0.995397 0.995439 0.948332 0.946797
    285 1.002763 1.010411 0.991180 1.062683
    286 1.016148 1.056574 0.989428 1.028716
    287 1.004694 1.004354 1.004913 1.007608
    288 1.011495 1.007038 0.948831 1.003025
    289 1.000304 1.003247 0.988849 1.003691
    290 1.018819 1.045196 1.007546 1.060389
    291 0.981944 1.009951 0.965156 1.056083
    292 0.953863 1.028444 0.933141 1.003507
    293 1.067981 0.903633 1.030132 0.893636
    294 0.967293 0.989862 0.958147 1.003512
    295 1.003378 1.076798 1.002778 1.119043
    296 1.002796 1.071641 0.992319 1.097470
    297 0.971904 0.957054 0.958561 1.006062
    298 1.032556 1.037606 0.961067 1.059889
    299 0.973080 1.041364 0.945946 1.058975
    300 0.998899 1.007596 1.029940 1.018374
    301 0.978495 1.036617 0.938684 1.007856
    302 0.930219 1.060144 0.986875 1.006656
    303 1.085112 1.008072 1.009707 1.010240
    304 1.049890 1.168994 1.144368 1.166821
    305 1.019342 1.067139 1.076691 1.115438
    306 1.086745 1.062987 1.174280 1.062508
    307 1.046288 0.990638 0.960020 1.009061
    308 0.913960 1.007005 0.929894 1.058214
    309 0.969815 1.017472 0.973442 1.053571
    310 0.937773 0.995155 0.941117 0.982818
    311 0.979459 0.926323 0.943545 0.950274
    312 1.071334 1.020968 1.035549 1.060013
    313 0.960899 1.009225 0.961801 1.019160
    314 1.077937 0.855524 1.066159 0.868747
    315 1.052344 0.957202 1.054232 1.001094
    316 1.001193 1.062076 1.013070 1.061363
    317 0.990048 1.010661 1.010441 1.037688
    318 0.922069 1.076396 0.918752 1.080378
    319 1.055589 0.967669 0.987320 1.001658
    320 0.995743 0.952828 1.065210 0.989525
    321 1.013756 1.051408 1.007619 1.065062
    322 1.049816 1.061420 1.042200 1.046791
    323 1.040658 0.993641 1.065207 1.007869
    324 1.041522 1.023713 0.997780 1.061999
    325 1.025094 0.957957 1.023740 0.918063
    326 0.931034 1.001597 0.946101 0.944998
    327 0.984170 0.951519 0.930910 0.950172
    328 0.987685 1.043723 0.994681 1.062222
    329 0.967534 0.963976 0.987933 1.008053
    330 0.981048 0.979121 1.003112 0.991366
    331 0.972334 0.944622 0.975383 0.893952
    332 1.042487 0.956238 1.057510 0.946545
    333 1.116837 1.011420 1.079868 1.020386
    334 1.075894 0.983573 1.093809 0.991020
    335 1.004898 1.036596 1.018127 1.064221
    336 0.986625 1.059520 0.989242 1.005284
    337 0.960206 1.009500 0.985031 1.035957
    338 1.031374 1.120475 0.977619 1.071441
    339 0.921147 1.070611 0.917422 1.070907
    340 0.960326 1.016303 0.915697 1.033518
    341 1.052954 1.069023 0.983841 1.067472
    342 1.048958 1.092734 1.001608 1.063721
    343 0.951663 1.014415 0.934755 1.008634
    344 0.916835 0.952041 0.897739 0.943520
    345 1.034854 0.912860 0.993782 0.951111
    346 1.059853 1.046333 1.068412 1.060017
    347 0.991037 0.915671 1.001908 0.891850
    348 1.006212 1.007731 1.005499 1.041554
    349 1.028916 1.066606 0.952766 1.062076
    350 1.041490 1.015823 0.965268 1.005135
    351 1.063710 0.956931 0.986165 0.950419
    352 1.013081 1.007686 1.017058 1.056403
    353 0.934690 0.991902 0.916157 0.951893
    354 1.051309 1.054912 1.018008 1.004592
    355 1.015082 0.960419 0.956027 1.000338
    356 1.036249 1.007662 1.088866 1.020130
    357 1.061020 0.952147 0.978533 0.951620
    358 1.108389 1.006299 1.175601 1.049952
    359 0.959280 1.002832 0.955559 1.007544
    360 0.950621 1.089161 1.021804 1.061662
    361 0.937535 1.010279 0.984970 1.050828
    362 0.989911 1.061957 0.957270 1.059347
    363 1.012054 1.055212 1.049754 1.064199
    364 1.112416 1.018703 1.023711 1.060342
    365 1.037361 1.008560 1.106659 0.987727
    366 1.067382 0.957424 1.096297 0.975086
    367 1.080252 0.956570 1.129029 1.006028
    368 1.006961 1.060800 1.115757 1.103784
    369 0.987750 1.062860 1.026471 1.064157
    370 1.045058 0.994528 1.099124 1.003465
    371 1.010269 1.051203 1.037836 1.008719
    372 1.058149 0.989239 1.061755 0.947433
    373 1.013680 1.008088 1.032114 0.952850
    374 1.069692 0.953834 1.085045 0.939876
    375 0.970630 0.937503 0.931729 0.897011
    376 1.029142 1.049402 1.068599 1.007211
    377 1.027334 0.991836 0.972551 1.008450
    378 1.117411 1.006513 1.216479 1.055100
    379 1.005111 1.009225 1.038495 1.027678
    380 1.007212 1.005257 1.037022 1.004293
    381 1.047541 0.955073 1.066956 0.944430
    382 1.029465 1.058728 1.069285 1.051661
    383 1.124938 1.009155 1.177152 1.055190
    384 0.986080 1.000477 0.976006 0.979191
    385 1.013514 0.960706 1.008111 0.960907
    386 0.973143 1.060636 0.980095 1.056014
    387 1.020381 1.010246 1.011086 0.994468
    388 1.017966 1.017915 0.974443 1.061760
    389 0.982044 1.062167 0.953556 1.063003
    390 1.001469 0.949209 0.955261 0.945754
    391 0.932491 0.932908 0.939789 0.949249
    392 1.048764 1.070258 1.042495 1.067284
    393 1.007506 1.010743 1.032002 1.007416
    394 0.952903 1.007863 0.909233 1.057283
    395 0.982389 1.008330 0.970390 0.951855
    396 0.999993 1.050337 1.008484 1.002491
    397 1.045530 0.960550 1.002516 0.967618
    398 0.928668 1.007173 0.946309 1.012440
    399 1.070313 1.011506 1.044853 1.055839
    400 1.016851 1.076888 0.961149 1.058945
    401 0.947702 0.957526 0.984914 1.003490
    402 0.964257 1.094006 0.990947 1.062004
    403 1.009695 1.008958 0.975671 1.009501
    404 1.024704 0.973393 1.021308 0.990918
    405 0.994849 1.040133 1.011670 1.009689
    406 1.030841 1.035981 1.049808 1.056480
    407 1.073010 1.010308 0.983817 0.971288
    408 0.952112 1.007629 0.961982 1.020019
    409 1.030733 1.010952 1.006974 1.034398
    410 0.977957 0.976232 1.006194 0.947942
    411 1.003907 0.901717 1.050493 0.853911
    412 1.035123 1.001515 1.004045 0.948138
    413 0.928101 0.902923 0.874962 0.948651
    414 1.024329 1.008585 0.964265 1.060692
    415 0.943305 0.979978 0.969486 1.006788
    416 0.932079 1.065379 0.921308 1.115250
    417 0.956428 0.904088 0.973258 0.945344
    418 1.031500 1.061059 0.962794 1.059846
    419 0.992119 0.961945 0.982455 1.006139
    420 1.032136 0.994798 1.047019 1.003947
    421 0.968058 1.008876 0.915835 0.959497
    422 0.976714 1.060402 1.000866 1.059496
    423 0.982335 1.003448 0.988437 1.008424
    424 1.096173 1.023142 1.010129 1.005097
    425 0.940364 0.999488 0.899078 0.963466
    426 1.118324 1.037716 1.193683 1.061688
    427 1.024526 1.057739 1.041887 1.028588
    428 1.041879 1.007592 0.939356 1.056753
    429 1.041054 0.909660 0.980168 0.895875
    430 0.944469 0.961457 0.922350 0.948454
    431 1.012292 1.010710 0.943448 1.008335
    432 0.998510 1.013201 1.001070 1.057766
    433 0.936726 0.939198 0.916142 0.892585
    434 0.996829 1.061042 0.949180 1.050572
    435 1.012007 1.045902 1.022732 1.008723
    436 0.936243 1.065884 0.939511 1.111901
    437 0.977028 1.143300 0.960347 1.181555
    438 0.990217 1.064062 0.996481 1.063905
    439 0.957719 1.065576 0.992042 1.060496
    440 0.943408 1.061793 0.885683 1.059979
    441 0.952329 1.010694 0.964776 1.033172
    442 0.916283 1.007108 0.957839 1.003892
    443 0.946056 1.065318 0.955792 1.064127
    444 0.965878 1.007153 0.976776 0.956990
    445 1.043056 0.900445 1.053527 0.893521
    446 0.988300 1.064218 1.041953 1.101285
    447 1.019415 0.988984 1.000813 1.008928
    448 1.019987 0.988069 1.066356 0.995587
    449 1.032033 0.955151 1.045151 0.923771
    450 1.037833 1.006406 1.052376 1.004242
    451 0.989635 1.007309 1.053219 1.007937
    452 0.985129 1.006665 1.070758 1.002905
    453 1.001007 1.010751 0.909802 1.056083
    454 0.995655 1.005138 1.041829 1.003448
    455 1.019187 1.009340 1.063480 0.954978
    456 1.029004 0.960312 1.045209 1.002482
    457 1.042093 0.901979 0.970399 0.883704
    458 0.956286 1.006997 0.975567 1.004733
    459 1.000714 0.956985 0.998683 0.990358
    460 1.015760 1.058133 1.012346 1.005250
    461 0.932187 0.973331 0.935016 1.008975
    462 0.958786 1.008577 0.990841 1.054959
    463 0.987810 1.016401 0.980466 1.060534
    464 1.005191 1.058507 1.007786 1.003772
    465 1.024252 1.040716 1.017959 1.064148
    466 1.026256 1.006020 0.997881 0.949078
    467 0.931853 0.957145 0.907142 0.946891
    468 0.931748 0.942333 0.937311 0.941824
    469 1.016634 0.990654 1.006618 1.001692
    470 0.994157 1.008560 0.992050 1.052340
    471 0.962471 0.995558 0.975320 1.008796
    472 1.014930 1.001207 1.004462 0.967905
    473 0.985065 1.001983 1.011350 0.951658
    474 0.998608 0.975871 0.964829 0.955336
    475 1.032294 1.017468 0.955916 1.061987
    476 1.092985 1.007563 1.035493 1.060739
    477 1.053178 1.066664 1.039922 1.099866
    478 1.034346 1.004707 1.097889 0.991516
    479 0.989844 0.954835 0.941761 0.949065
    480 0.963010 1.007854 0.983485 1.013811
    481 0.981830 0.956960 0.980575 0.927812
    482 0.959233 1.008396 0.927573 1.047979
    483 0.962638 0.901893 0.966896 0.865317
    484 0.955601 0.993699 0.998175 0.972275
    485 1.025507 0.958207 1.055918 0.955315
    486 1.010496 1.060316 1.010172 1.005186
    487 0.923916 1.010858 0.924874 1.010407
    488 1.029118 1.008564 1.072996 1.057890
    489 1.020848 0.993814 1.053495 0.953337
    490 1.038377 1.166257 1.068938 1.119449
    491 0.903545 1.014674 0.901705 1.064524
    492 1.029083 1.061728 1.064984 1.062666
    493 0.972893 1.011670 0.960156 1.024397
    494 0.917792 0.972182 0.927990 0.994464
    495 1.035860 0.956156 1.033240 0.919682
    496 0.986120 1.005897 1.017298 1.003255
    497 0.950275 1.005302 0.939075 1.007976
    498 0.980038 1.060657 0.992578 1.033176
    499 0.975672 1.037790 0.954653 1.042455
    500 0.918335 1.043149 0.904845 1.036936
    501 0.939743 0.962401 0.980456 0.950855
    502 1.028728 1.006533 1.009220 1.001700
    503 1.033704 0.954802 0.975541 0.950287
    504 1.002439 1.042460 1.022325 1.056937
    505 1.006563 0.945488 1.050665 0.951398
    506 1.070596 1.007017 1.153410 1.060825
    507 1.053264 1.100214 1.010282 1.078049
    508 1.003046 1.036440 1.060817 1.003640
    509 1.061250 1.031357 1.132467 1.051213
    510 1.089318 1.009660 1.248160 1.061756
    511 1.023702 1.012253 1.028918 1.064434
    512 0.967205 1.008363 1.000631 1.048995
    513 0.997422 1.006689 1.002751 1.008288
    514 0.952461 0.899919 0.979354 0.837190
    515 0.927356 0.899411 0.907372 0.932789
    516 1.011245 1.008921 1.048722 1.041507
    517 0.943223 1.057776 0.952807 1.008113
    518 0.993236 1.013139 1.028707 1.006822
    519 0.926571 1.010743 0.922296 1.004370
    520 1.021970 1.011174 0.977256 1.005549
    521 0.937624 1.010443 0.906163 1.017340
    522 1.031699 0.943125 1.003045 0.925057
    523 0.983494 1.010833 0.954120 1.005208
    524 0.987539 1.005565 1.024150 1.004772
    525 0.957627 0.961432 0.955908 0.949505
    526 0.952373 0.915593 0.946600 0.900869
    527 0.951881 1.060480 0.940252 1.063319
    528 1.009422 1.008179 1.012714 0.992302
    529 0.965351 1.065761 0.993852 1.009710
    530 1.048565 1.012799 1.051387 1.016152
    531 0.945426 0.958971 1.004922 0.973069
    532 0.961459 0.905426 0.964524 0.888817
    533 1.010486 1.009102 1.012040 0.951432
    534 0.930476 0.942366 0.921773 0.945276
    535 0.986188 0.960542 0.988786 1.007617
    536 1.150964 1.065749 1.123575 1.098854
    537 1.018122 1.012446 1.032349 1.008920
    538 0.920617 1.113951 0.905145 1.062837
    539 1.022919 1.067004 1.048543 1.104963
    540 0.971591 0.916176 1.015127 0.945383
    541 0.987243 0.981431 0.956296 0.996134
    542 1.021255 1.006939 1.010749 0.952487
    543 0.926426 1.003821 0.937514 0.951944
    544 0.931971 0.961580 0.962469 0.948625
    545 1.007080 0.952906 0.993060 0.947057
    546 1.030693 1.012634 1.015217 1.037743
    547 0.985684 1.011621 0.998855 1.018173
    548 0.969964 0.983335 0.967477 0.949091
    549 0.927277 1.066085 0.921669 1.010240
    550 0.984989 1.103058 0.977799 1.102652
    551 1.024859 1.010870 1.026459 1.063939
    552 1.067463 1.062881 1.089898 1.057450
    553 0.964119 0.984684 0.992912 1.008373
    554 1.028369 1.046218 0.946115 1.003708
    555 0.941458 1.010148 0.961297 0.967870
    556 0.979181 1.053382 0.995299 1.053913
    557 1.032912 1.108100 1.015607 1.100140
    558 1.004926 1.175280 1.029085 1.193073
    559 0.982729 1.167681 0.954760 1.182012
    560 0.923329 0.981472 0.919416 1.003546
    561 1.019781 1.009569 0.984108 0.973065
    562 0.977022 1.023795 0.957750 1.058146
    563 0.974219 1.014366 0.990594 1.051294
    564 1.013114 1.000001 0.989879 1.001072
    565 1.012506 0.963644 0.965454 0.961125
    566 1.050392 0.993933 1.037807 0.944225
    567 0.946281 0.851290 0.913351 0.840540
    568 1.033232 1.064329 0.997857 1.110328
    569 0.989551 1.002902 1.026362 0.950189
    570 1.017807 0.978649 0.983533 0.946058
    571 0.966750 0.977582 1.003638 1.007053
    572 0.945652 1.043826 0.920600 1.013512
    573 0.977402 0.909660 1.025783 0.892935
    574 0.997932 1.120098 0.922703 1.144210
    575 0.941402 1.237925 0.993748 1.258917
    576 1.006655 0.907165 0.993714 0.905021
    577 0.954542 0.956439 0.974174 0.983903
    578 0.954856 1.056972 1.017296 1.057492
    579 0.972905 0.956825 0.964500 0.999457
    580 0.952809 1.059721 0.958639 1.002439
    581 1.036068 1.008240 0.945711 0.953640
    582 1.044781 0.942054 0.958377 0.942358
    583 0.922902 0.859119 0.887638 0.892923
    584 0.973520 0.985735 0.963264 0.967785
    585 0.975966 1.107083 1.014536 1.123832
    586 1.040002 0.954474 1.033802 0.945536
    587 1.023099 1.039509 1.027261 1.008189
    588 0.967401 0.953706 0.971511 0.945340
    589 0.966021 0.954428 0.976258 0.943627
    590 0.928127 1.056102 0.914294 1.052832
    591 0.944048 1.066586 0.927993 1.073769
    592 1.085837 1.061769 1.089045 1.017857
    593 0.994647 0.954408 0.956909 0.945131
    594 0.940165 1.008129 0.922953 1.000440
    595 1.058629 0.981221 1.086848 1.008843
    596 1.090227 1.016787 1.223462 1.056335
    597 0.955566 0.893564 0.920172 0.892628
    598 0.980091 1.007399 1.056957 1.054869
    599 1.014165 0.958027 0.957558 1.002657
    600 0.983991 1.008154 1.002461 1.060244
    601 0.989929 0.903661 0.972073 0.928128
    602 0.971327 1.008088 0.995759 1.057091
    603 0.932712 1.009812 0.952211 1.008655
    604 0.990368 1.051306 0.971281 1.004178
    605 0.985580 0.957210 0.970147 0.945771
    606 0.942668 1.043744 1.013153 1.004024
    607 1.007072 1.010382 1.015667 1.001811
    608 0.969267 1.066705 0.950387 1.059321
    609 1.012112 1.064961 1.055433 1.051935
    610 0.991412 0.949952 0.989644 0.898976
    611 0.930852 0.997515 0.942074 0.952965
    612 0.946318 1.045447 0.946454 1.035487
    613 1.002682 1.043539 0.944821 1.010783
    614 0.987899 1.015113 0.961389 1.001294
    615 0.990111 0.944885 0.978790 0.945583
    616 1.034848 0.954818 0.982404 0.995104
    617 0.980575 1.018317 0.958239 1.012705
    618 1.063304 0.976700 1.070758 1.002525
    619 0.963493 0.935152 1.019723 0.926987
    620 1.062297 0.967357 1.030585 0.945425
    621 0.946615 0.993498 0.948083 1.009428
    622 1.050878 1.044220 1.007566 1.060820
    623 0.980061 1.066073 1.029005 1.066404
    624 1.035053 1.054941 0.951000 1.014546
    625 1.020697 0.958868 0.983400 0.950684
    626 0.944022 1.004190 0.943283 1.001341
    627 0.895074 0.992529 0.913654 0.951466
    628 1.086460 1.006853 1.066477 1.059325
    629 1.094204 0.938262 1.120913 0.952504
    630 1.074073 1.064095 1.229606 1.095099
    631 1.002654 1.010993 1.053798 1.063734
    632 0.946633 1.027709 0.914665 1.040276
    633 1.019754 0.973639 1.008055 1.002948
    634 1.033311 1.002225 0.965588 0.945947
    635 1.022745 1.012253 1.027142 1.011158
    636 1.000899 1.002151 0.958898 0.978914
    637 1.044009 0.940614 1.051748 0.893363
    638 0.959100 0.952656 0.997785 0.987782
    639 0.995670 0.953497 0.961302 0.937313
    640 0.989355 1.054670 1.006710 1.029648
    641 1.009504 1.016274 1.037260 1.009048
    642 1.055196 1.118559 1.071516 1.126028
    643 0.934257 1.065412 0.946544 1.065191
    644 1.017796 0.951893 0.992040 0.945075
    645 1.009327 0.915154 1.064778 0.949556
    646 1.033894 1.009028 0.982647 1.058855
    647 1.018015 0.944717 0.999771 0.893850
    648 1.041632 1.064230 1.071606 1.112413
    649 1.038725 0.987167 1.047787 0.975329
    650 0.939425 1.041368 0.937836 1.059513
    651 1.030593 1.010780 1.022161 1.008313
    652 0.990434 1.007768 1.021041 1.048564
    653 1.078085 0.924251 1.086945 0.892611
    654 0.960988 1.058068 0.959649 1.002738
    655 0.976556 0.956816 0.988740 0.948382
    656 1.005866 1.005192 0.976965 0.963338
    657 1.074541 1.011047 0.950498 1.049034
    658 1.004473 1.005614 1.009923 0.965863
    659 1.030682 0.965568 0.974731 0.952683
    660 1.022528 1.013418 1.036138 1.004302
    661 1.000625 1.039284 1.009744 1.038354
    662 1.034399 0.954260 0.983265 0.895840
    663 1.013497 0.941635 0.959615 0.892589
    664 1.059371 1.005836 1.018168 0.971267
    665 1.024292 0.955401 0.986254 0.937027
    666 0.954297 0.859336 0.949985 0.849741
    667 1.048840 0.969396 0.982925 0.951795
    668 0.991562 0.994126 1.043925 1.004076
    669 0.953161 1.011391 0.947567 1.009253
    670 0.979973 0.942907 0.967410 0.887788
    671 1.007443 0.930048 0.989368 0.893516
    672 0.938707 0.956648 0.905225 1.001013
    673 1.036891 1.009221 0.940216 0.965324
    674 0.996772 1.006853 1.015343 0.981524
    675 1.019321 0.971858 1.011839 0.976265
    676 0.947836 1.000243 0.936506 0.949163
    677 1.030075 0.874985 0.996324 0.892773
    678 1.083570 0.974398 1.013998 0.948463
    679 0.983924 1.002098 0.963082 0.951248
    680 1.047044 0.953165 0.967538 0.912531
    681 1.013283 0.972810 1.059700 0.956891
    682 0.958994 1.012561 0.963940 1.003982
    683 0.959456 1.010234 1.003691 0.957588
    684 0.978195 1.006681 0.964553 1.014371
    685 0.960802 0.896276 0.987839 0.892530
    686 1.004768 0.988677 1.005555 1.002726
    687 0.964047 1.010152 1.035825 0.969955
    688 1.059897 1.005109 1.043961 1.004661
    689 1.052185 0.981718 1.014587 1.007527
    690 0.936584 1.049020 0.955811 1.004494
    691 1.063474 1.034413 1.048848 1.062303
    692 0.939370 1.007268 0.962736 1.002525
    693 0.939401 0.915367 0.984936 0.949714
    694 1.049040 0.990314 1.011447 0.946681
    695 1.049590 1.010329 0.985503 1.033104
    696 0.935591 1.059906 0.933570 1.029669
    697 1.000586 0.976589 1.008341 0.987056
    698 1.057495 1.057793 1.031115 1.006229
    699 0.965534 1.010751 0.977266 0.971805
    700 0.998330 0.952246 1.009467 0.914112
    701 0.949365 0.903838 0.904716 0.894670
    702 0.980728 1.062684 0.998800 1.057591
    703 0.949045 1.065400 0.919428 1.045134
    704 1.068973 0.954149 1.085525 0.950176
    705 0.966849 0.953423 1.023917 0.950065
    706 1.049395 1.003936 1.010875 0.952850
    707 0.986044 0.943313 0.959208 0.950163
    708 1.013133 0.951035 0.976827 0.889539
    709 1.025507 0.882875 0.933773 0.839536
    710 1.031403 1.072871 1.003406 1.115856
    711 0.928616 1.012909 0.893218 1.056078
    712 0.995860 0.907994 0.992890 0.932310
    713 1.020341 0.900957 0.997695 0.943729
    714 1.020208 1.006016 1.014410 0.995912
    715 1.043991 0.994979 1.010943 0.950864
    716 1.039303 0.995570 1.003846 0.947788
    717 0.960424 0.956455 0.986678 0.961121
    718 0.989108 1.000288 0.991444 0.996659
    719 0.959181 0.903440 0.981774 0.917692
    720 0.950975 1.006123 0.953544 1.002990
    721 0.972154 1.012823 0.992537 1.008258
    722 0.972812 0.947269 0.953277 0.894311
    723 0.985095 0.952713 0.983180 0.946600
    724 1.035047 1.006271 1.036715 1.007245
    725 1.046855 0.925875 1.018977 0.949039
    726 0.955939 0.985374 0.936460 0.989850
    727 0.958186 0.861892 0.996038 0.833768
    728 1.036105 1.073864 1.124353 1.062871
    729 1.064665 1.010271 1.144770 1.054746
    730 0.965152 1.008051 0.967378 1.058368
    731 1.071187 1.011244 1.087470 1.062721
    732 0.970652 1.007526 0.990010 1.001974
    733 0.993262 0.998536 1.031481 1.003401
    734 0.972213 0.988705 1.012319 0.951453
    735 1.051791 1.009348 1.099393 0.992674
    736 1.040068 1.120122 1.133046 1.140305
    737 1.030767 1.116860 1.062210 1.123794
    738 1.063499 1.006693 1.108055 1.035569
    739 1.044694 0.956615 1.010880 1.008993
    740 1.096668 0.896374 1.219663 0.889539
    741 1.087297 0.972806 1.144652 0.951735
    742 1.040101 0.994331 1.156223 1.004029
    743 0.933034 1.016270 0.949730 1.040819
    744 1.060497 0.952894 1.204479 1.002491
    745 1.012936 1.011051 1.098032 1.061000
    746 1.035286 1.011227 1.067821 1.006310
    747 1.004655 1.063537 1.088311 1.065067
    748 1.046203 1.075173 0.990090 1.061337
    749 1.033296 1.008946 1.033735 0.954063
    750 1.038112 1.061120 0.964836 1.058291
    751 1.021363 1.011646 1.009744 1.063798
    752 0.941108 1.006829 0.931976 0.995527
    753 0.924182 1.005585 0.950181 0.970011
    754 1.049712 1.007826 1.004961 1.014662
    755 0.955166 1.009619 0.949359 1.004605
    756 0.961413 1.002931 1.010134 1.001504
    757 0.965446 1.009565 1.017989 0.961104
    758 1.077164 1.005048 1.158057 0.999270
    759 0.964653 1.017841 0.967359 1.010851
    760 1.059304 1.006833 1.061646 1.028627
    761 0.987090 1.007485 1.024140 1.008518
    762 0.942259 1.032432 0.943743 1.059923
    763 0.953165 0.921202 0.959824 0.893499
    764 0.968817 0.904252 0.979652 0.939355
    765 0.951162 0.921300 0.952587 0.948873
    766 1.002484 1.009061 1.005167 1.004272
    767 1.008883 1.036563 1.028106 1.007942
    768 0.945884 1.059376 0.971761 1.028605
    769 0.940823 0.963878 0.950530 1.007143
    770 0.969343 0.969076 0.966179 1.002572
    771 1.041256 0.951446 0.984699 0.949394
    772 0.934575 1.004958 0.948800 0.949638
    773 0.989704 0.967025 0.952621 0.982126
    774 0.990521 1.013677 1.000927 1.057950
    775 0.932964 1.010029 0.941095 1.064063
    776 1.006070 1.004400 1.004452 0.956011
    777 0.986742 0.955967 0.972653 0.981101
    778 1.005457 1.109655 1.045357 1.060637
    779 0.974604 1.004428 0.981675 1.008061
    780 1.059846 1.008109 1.075068 1.030177
    781 0.979443 0.958499 1.027098 1.004635
    782 0.972580 0.936761 1.007190 0.894661
    783 0.985467 0.934451 1.004074 0.902552
    784 0.980279 1.062290 0.985004 1.059705
    785 1.010501 0.973065 1.022478 0.951274
    786 1.045331 0.978394 1.051424 1.001632
    787 0.973126 1.064772 0.976919 1.009010
    788 0.999918 1.008273 1.026565 1.028170
    789 0.975082 0.956796 1.006386 0.985954
    790 1.014928 1.023499 0.992457 1.061329
    791 0.986114 1.011096 1.012988 1.005883
    792 1.077429 0.999140 1.183366 1.003990
    793 1.093144 0.977012 1.065166 1.008553
    794 1.025848 0.975091 1.064434 0.949710
    795 1.058075 0.959131 1.144538 1.000201
    796 0.977416 0.969807 0.943954 1.003140
    797 0.999330 1.009853 1.045345 0.954768
    798 1.061261 1.013320 0.997959 1.039614
    799 1.021384 0.977471 0.969561 0.992793
    800 0.960486 0.996481 0.948892 1.000572
    801 1.001640 0.997777 0.992542 1.005712
    802 1.057455 1.003595 1.072224 0.948283
    803 1.029488 0.972839 0.994732 0.953790
    804 1.045371 1.053640 1.041694 1.003700
    805 1.011876 1.010792 1.051130 0.996258
    806 0.955311 1.062860 0.967606 1.091634
    807 0.978927 0.901758 0.995803 0.873976
    808 1.014796 0.983220 1.001276 0.997860
    809 1.000470 1.048036 1.009007 1.064593
    810 1.067147 0.901815 1.075964 0.907875
    811 0.967669 0.903128 0.920961 0.896998
    812 1.054004 0.959627 0.955581 0.946070
    813 0.995878 1.010837 1.006310 1.022654
    814 1.002008 1.003583 1.008060 1.004750
    815 1.038432 0.955610 1.059310 0.948360
    816 1.013249 0.921571 1.041391 0.917909
    817 0.956670 0.803354 0.965592 0.818073
    818 0.960152 1.020344 0.931166 1.004204
    819 1.003577 0.955077 1.013862 0.893662
    820 0.953062 1.006882 0.986601 0.991328
    821 0.973927 1.010333 0.979027 0.981289
    822 1.037761 1.057657 0.996929 1.005011
    823 1.089591 0.959106 1.051511 1.005870
    824 1.076587 0.928423 1.062794 0.946391
    825 0.966352 0.954174 0.960921 0.951586
    826 1.040605 1.064821 1.050774 1.062294
    827 0.944383 0.976097 0.927443 0.951662
    828 0.983012 0.991253 0.984997 0.948057
    829 0.930346 1.051544 0.932482 1.007698
    830 0.995015 1.078850 0.988311 1.105565
    831 1.003525 1.066778 1.005467 1.095629
    832 1.009613 1.063837 1.001353 1.020694
    833 1.074329 0.991590 0.979967 1.008967
    834 0.999552 1.002192 1.011076 0.947882
    835 0.974359 0.955151 1.035973 0.925321
    836 0.980661 0.942722 1.012857 0.888843
    837 0.980507 0.957629 0.977423 1.006515
    838 1.018268 1.021756 0.971477 1.058578
    839 1.017349 1.009869 1.052557 1.005485
    840 0.982357 0.961547 1.020382 0.946814
    841 1.011324 1.010583 0.979204 0.973253
    842 0.973855 1.005200 0.943455 0.949206
    843 0.917284 0.956537 0.932589 0.984219
    844 0.970509 0.995151 0.963271 1.002614
    845 0.955789 1.005105 0.926699 0.954320
    846 1.016087 0.983191 0.970457 1.002798
    847 0.932038 0.990786 0.912743 0.952803
    848 0.980786 1.054957 0.998192 1.057723
    849 1.030385 0.964649 0.961510 0.952290
    850 0.993841 0.948836 1.028043 0.932955
    851 1.014141 1.015933 0.997928 1.027935
    852 0.983042 1.090822 1.015195 1.118655
    853 0.951023 0.957313 0.983068 0.969703
    854 0.966996 0.931414 0.953917 0.899916
    855 0.945397 0.956648 0.986249 0.979986
    856 0.956285 0.992078 0.922444 1.001914
    857 0.992408 0.958088 1.008808 0.963833
    858 1.049282 0.969479 1.042074 1.003606
    859 1.001226 1.054683 1.002107 1.064823
    860 0.914553 0.979527 0.906533 0.997749
    861 1.015495 0.926507 1.024290 0.915372
    862 0.961763 0.990630 1.023520 1.003029
    863 0.948587 0.965318 0.950275 0.955969
    864 1.066664 0.962077 1.059223 0.998830
    865 0.955119 0.943428 0.915261 0.944178
    866 1.003390 1.017004 1.053568 1.005361
    867 1.000154 0.982469 1.000796 0.952829
    868 1.027381 1.126285 1.034599 1.123405
    869 0.998800 1.113127 0.999878 1.090592
    870 0.969317 0.948980 0.953280 0.888420
    871 0.985660 0.957801 1.006846 0.985108
    872 1.028912 1.045886 1.018633 1.003614
    873 1.015821 1.011412 1.040012 1.007980
    874 1.079502 0.868396 1.042692 0.829296
    875 0.954656 0.956373 0.932230 0.936446
    876 0.949050 1.041385 0.916869 1.060103
    877 1.018504 0.974833 0.974988 1.002290
    878 0.930844 0.988656 0.927130 0.947395
    879 0.957109 1.067267 0.940017 1.038367
    880 1.059209 1.004194 1.016918 1.004610
    881 1.039249 0.917074 1.050515 0.911288
    882 0.981887 1.010263 0.971177 1.058855
    883 1.025693 0.980840 1.023740 0.955866
    884 1.107703 1.006976 1.207015 1.047517
    885 0.999397 0.964235 1.017589 0.953307
    886 1.026621 1.022096 1.070910 1.003819
    887 0.961161 0.949312 0.981406 0.952491
    888 0.941776 1.008076 0.970118 1.059227
    889 0.997269 0.961149 1.012830 0.946754
    890 0.934389 1.010275 0.931600 1.058197
    891 0.946896 0.968317 0.933272 1.005490
    892 0.928732 1.047314 0.924293 1.058539
    893 1.003411 1.067722 0.998819 1.059210
    894 1.003297 1.005331 0.984360 0.956674
    895 0.966226 1.010870 0.950442 1.017276
    896 0.975127 1.009500 1.004065 1.040016
    897 1.017139 0.903313 0.974419 0.925138
    898 0.989252 0.958761 0.995422 1.004046
    899 0.984008 0.995389 1.019924 1.001901
    900 1.006203 1.007079 1.012401 1.019976
    901 1.060413 1.068383 1.053495 1.091814
    902 1.009507 1.060726 0.971490 1.058419
    903 0.970513 1.002442 1.008617 0.951697
    904 1.042331 0.951384 1.119692 0.998296
    905 1.005360 1.010718 1.044070 1.062226
    906 1.075712 0.946050 1.124721 0.923463
    907 1.023537 1.009615 1.057624 1.013952
    908 1.042758 1.015663 1.063027 1.003375
    909 0.944363 1.061042 0.912438 1.015443
    910 1.030396 1.006057 1.000263 1.059026
    911 1.031670 1.010505 1.027496 0.961240
    912 1.006067 1.048380 1.012811 1.028140
    913 0.994352 0.952500 0.998453 0.893700
    914 1.080812 0.907038 1.109656 0.887950
    915 0.992101 0.890437 0.968076 0.834858
    916 1.062252 0.901647 1.001341 0.930909
    917 1.001637 0.987704 1.028334 0.950988
    918 0.983833 1.018194 0.970474 1.057416
    919 0.916860 1.056262 0.905971 1.064725
    920 1.030852 0.958921 0.978605 0.939577
    921 1.034963 0.853452 1.052516 0.834486
    922 1.091548 1.020475 1.059804 1.005161
    923 0.968146 0.913291 0.966247 0.948916
    924 0.955957 1.065453 0.924140 1.119607
    925 0.980022 1.037072 0.974695 1.007937
    926 1.033890 1.006582 1.000050 0.973877
    927 1.037828 1.008798 1.046639 1.001171
    928 0.947619 1.003472 0.914965 0.959997
    929 0.983997 0.923844 0.932463 0.927795
    930 1.031852 0.942345 1.033555 0.937014
    931 0.983911 0.954051 0.986695 0.897267
    932 1.067229 0.980647 1.046236 0.991221
    933 0.969692 0.956927 0.947315 0.913778
    934 1.056907 1.058946 1.040991 1.019895
    935 0.988525 1.007785 0.968296 0.994818
    936 1.030252 0.954630 1.066271 0.889022
    937 0.954464 0.914990 0.974617 0.893888
    938 0.947836 1.000908 0.951574 0.946878
    939 1.018213 1.010591 1.027837 0.955990
    940 1.047557 1.007998 1.001659 1.051465
    941 0.955870 1.009746 0.976616 1.007899
    942 1.034576 0.936326 1.061316 0.935164
    943 1.008620 0.956057 0.992956 0.946216
    944 1.046369 1.005864 1.021410 0.952030
    945 0.933216 0.957145 0.970586 0.946254
    946 0.974719 1.063073 0.978436 1.060402
    947 1.007333 1.010267 0.981069 1.007228
    948 1.045548 1.024115 1.023125 1.060987
    949 1.001638 1.000288 1.049156 1.008548
    950 0.938930 1.007920 0.942152 1.056198
    951 1.024348 0.962343 1.052545 0.997774
    952 0.987609 1.007538 1.007190 1.008741
    953 0.955314 1.030799 0.940535 1.010689
    954 0.960708 1.001872 1.010420 0.948249
    955 0.973432 1.010255 0.986305 1.040246
    956 0.977240 1.181401 0.970050 1.227368
    957 1.008366 1.010456 1.008726 1.059112
    958 1.038379 1.004777 0.977917 1.042767
    959 0.972698 0.955261 0.979570 0.946092
    960 0.983048 1.051228 1.041337 1.015879
    961 0.968364 0.982194 0.975267 1.007173
    962 1.000179 1.014103 1.052977 1.002909
    963 0.924924 1.010345 0.943239 1.001162
    964 0.923008 1.008002 0.941999 1.053652
    965 1.020153 1.011305 1.002972 1.008343
    966 0.911863 1.062733 0.935821 1.059005
    967 0.956930 1.010911 0.991233 1.007186
    968 1.024550 0.922347 1.033235 0.888740
    969 0.981050 0.917710 0.989288 0.930294
    970 1.027095 1.005499 1.035525 1.002418
    971 1.004908 1.010878 1.019355 1.005682
    972 1.045900 0.959524 1.049839 0.915786
    973 1.039637 0.911547 1.047494 0.885852
    974 1.039897 0.933605 1.021303 0.934925
    975 1.091320 0.928760 1.087134 0.892923
    976 1.029380 1.138734 1.010197 1.117249
    977 1.015178 1.003218 1.047084 1.006536
    978 1.080860 1.064916 1.031995 1.088964
    979 1.031654 1.095656 1.068606 1.066135
    980 1.024023 1.003727 1.029029 0.960288
    981 1.010261 0.998101 0.997482 0.951543
    982 1.095650 1.008753 1.075003 1.058424
    983 1.054730 0.981587 0.998877 1.003114
    984 1.015590 0.979379 1.004573 1.000432
    985 1.001269 0.902246 1.018250 0.857474
    986 1.027630 1.062622 1.040877 1.039362
    987 0.952336 0.954855 0.982826 0.907097
    988 1.056048 1.062052 1.149837 1.095317
    989 1.052237 1.002081 1.110354 1.006891
    990 1.061931 1.061978 1.029417 1.064588
    991 1.087120 1.042304 1.102538 1.009287
    992 0.941501 0.958035 0.945439 0.945272
    993 1.059099 0.971739 1.086174 0.953435
    994 0.960644 1.004876 0.990921 1.005144
    995 0.973875 1.016422 0.999301 1.063319
    996 1.062473 0.958109 1.077769 1.001675
    997 1.061803 0.991857 1.041044 0.992383
    998 1.097869 0.951975 1.079926 0.948758
    999 1.046700 0.937241 1.044896 0.893598
   1000 1.088416 1.064169 1.075974 1.061393
   1001 1.003816 1.070479 1.012426 1.065054
   1002 1.073261 1.014518 1.023106 1.034078
   1003 1.003219 0.998253 1.009596 0.985065
   1004 0.973897 1.037269 0.969248 1.058667
   1005 0.991482 1.008101 0.967339 0.984373
   1006 1.022762 1.007411 1.043196 1.003584
   1007 1.014022 1.011765 1.028806 1.030660
   1008 0.984185 1.020914 0.990504 1.050119
   1009 0.948323 1.012179 0.953168 1.006904
   1010 1.055165 0.951733 1.016784 0.942563
   1011 1.029164 1.006061 0.972946 0.954405
   1012 1.109289 1.016171 1.241340 1.061478
   1013 0.970724 1.010837 1.009494 1.034227
   1014 1.065169 1.094031 1.126451 1.117698
   1015 0.970851 1.011326 1.003187 1.041263
   1016 1.095607 1.112527 1.172170 1.072171
   1017 1.012347 1.062971 1.022357 1.063033
   1018 1.068676 0.950457 1.210943 0.995395
   1019 1.048142 1.009742 1.034125 0.999616
   1020 1.067521 0.982547 1.011852 1.003080
   1021 1.034347 0.954900 1.089377 0.938236
   1022 0.991136 1.112175 1.043145 1.061500
   1023 1.036199 1.064764 1.023663 1.016029
   1024 1.027013 1.091959 1.070307 1.120739
   1025 0.943866 0.958462 0.955496 1.007933
   1026 0.926398 1.015318 0.940717 1.002858
   1027 1.025138 1.012220 1.034699 1.064580
   1028 1.072789 1.063168 1.162130 1.070936
   1029 0.916441 1.009167 0.917053 1.014119
   1030 1.057488 1.006004 1.143811 1.054989
   1031 1.009926 0.953013 1.070557 0.949249
   1032 1.010964 0.975141 0.999827 0.948189
   1033 1.077230 0.884919 1.079986 0.891137
   1034 0.923001 1.007719 0.928446 1.058881
   1035 0.943163 1.007891 0.943552 1.006904
   1036 0.966879 1.010365 1.020857 1.043613
   1037 0.923732 0.956213 0.935569 0.955460
   1038 0.950203 0.945451 0.953275 0.946818
   1039 0.946925 0.999324 0.942658 0.952384
   1040 0.930491 1.060640 0.946299 1.058578
   1041 1.041768 0.999012 1.009155 1.008933
   1042 0.993496 1.058310 0.933519 1.059517
   1043 1.036497 1.057986 1.016925 1.020083
   1044 0.998728 1.091155 1.015554 1.116839
   1045 0.956539 0.979908 1.004232 1.007737
   1046 0.959899 1.061789 0.985457 1.061700
   1047 1.014912 1.012081 0.976190 1.010437
   1048 0.976636 1.005536 0.969743 0.994135
   1049 0.972315 1.010197 0.965452 1.054916
   1050 0.934198 1.062310 0.949519 1.069971
   1051 0.936430 0.996715 0.948192 1.008262
   1052 0.925476 0.953674 0.916048 0.998133
   1053 0.985977 1.010349 0.972027 1.061675
   1054 1.120077 0.966192 1.072282 1.003204
   1055 0.983015 0.952451 0.981690 0.949599
   1056 1.001530 1.210841 1.011415 1.234972
   1057 1.019048 1.148569 1.028865 1.136007
   1058 1.024548 1.119581 1.025618 1.096620
   1059 0.971548 0.912503 0.960500 0.894414
   1060 0.912253 1.042579 0.904939 1.003422
   1061 1.050272 1.010698 1.010020 0.964141
   1062 0.972670 0.948803 0.994194 0.946861
   1063 1.032334 0.901618 1.013872 0.878945
   1064 0.925852 1.007280 0.937570 1.005007
   1065 0.962485 0.953936 0.968946 0.933741
   1066 0.941100 1.039871 0.955472 1.046800
   1067 1.076513 0.988718 1.098947 1.008121
   1068 0.977845 1.002229 0.986746 0.993408
   1069 0.943430 0.961687 0.956790 1.005750
   1070 0.935125 0.922265 0.949822 0.942042
   1071 1.001678 0.954572 1.024373 0.936403
   1072 0.921190 1.009758 0.912763 1.004293
   1073 0.987244 0.957444 0.988273 1.005378
   1074 1.062336 1.058425 1.070007 1.046932
   1075 1.023222 1.043260 1.006892 1.009057
   1076 1.018374 0.990129 0.937202 0.946810
   1077 0.951950 1.009418 0.954549 1.005554
   1078 1.085514 1.046161 1.071586 1.004968
   1079 1.015806 1.057485 0.998713 1.043989
   1080 1.037400 1.121000 1.007723 1.136734
   1081 1.029320 1.009266 0.965147 0.991520
   1082 0.958485 1.006402 0.964577 1.001675
   1083 1.029866 0.881878 1.019861 0.874515
   1084 0.964016 1.007801 0.985699 1.003336
   1085 1.043994 0.902677 0.991873 0.882695
   1086 0.967422 0.956197 0.990964 0.948091
   1087 0.966657 0.904704 0.954535 0.914304
   1088 0.956190 1.057370 0.960907 1.060487
   1089 0.934584 1.010177 0.927690 1.011761
   1090 1.012150 1.002307 1.022195 0.950385
   1091 0.965549 0.878645 0.936128 0.891530
   1092 0.978487 1.060501 1.037844 1.049803
   1093 1.027251 1.011518 1.031409 1.017729
   1094 0.932688 1.055897 0.929909 1.056172
   1095 1.020734 1.010702 0.945510 0.996723
   1096 1.049355 1.002836 0.980103 1.004216
   1097 0.976757 0.954141 0.991039 0.951504
   1098 1.030473 1.005093 0.992711 0.971245
   1099 1.037743 1.010279 1.072190 1.009142
   1100 0.972639 0.933852 0.980948 0.889095
   1101 1.015689 0.929584 0.945924 0.951274
   1102 1.011552 1.060053 0.988745 1.035359
   1103 1.013522 1.049135 0.987170 1.007096
   1104 1.037461 0.949616 1.088255 0.888356
   1105 0.965252 0.995086 0.988319 1.000000
   1106 0.953959 1.026376 0.961442 1.004990
   1107 1.033902 0.988562 1.056141 0.955336
   1108 1.032354 1.021222 1.092641 1.004152
   1109 0.950821 0.956640 0.982157 1.007822
   1110 1.078791 0.965441 1.201322 1.003102
   1111 0.970134 1.010759 1.044104 1.060983
   1112 1.038226 1.008523 0.959787 1.051042
   1113 1.000144 1.009151 1.013773 1.008518
   1114 0.977908 1.005717 0.967405 1.003029
   1115 0.929164 1.064157 0.920881 1.031109
   1116 1.025874 1.030249 1.051676 1.002837
   1117 0.987898 0.969150 0.928320 0.953277
   1118 0.994723 1.004543 1.000898 0.980823
   1119 1.027022 0.971789 1.017351 1.007544
   1120 0.982114 1.099521 1.076338 1.060158
   1121 1.030073 1.008560 1.110645 1.059987
   1122 1.017077 1.008191 1.110315 1.005413
   1123 1.057770 1.010152 1.097152 1.060991
   1124 0.974156 1.005622 1.030020 0.964150
   1125 1.040186 0.956246 1.015435 1.007480
   1126 1.080572 1.050444 1.109460 1.061525
   1127 1.096003 0.956209 1.063090 0.951658
   1128 1.051789 1.007387 1.114514 1.060957
   1129 1.020212 1.059446 1.072187 1.066412
   1130 1.091514 1.062208 1.113511 1.113165
   1131 1.016512 0.993572 0.999454 1.008664
   1132 1.115040 0.952537 1.143741 0.955050
   1133 0.955305 1.010189 0.991446 1.003661
   1134 1.073249 0.940806 1.047646 0.925121
   1135 1.049546 1.010546 1.135062 1.061307
   1136 1.055724 1.009139 1.090448 1.057804
   1137 1.036392 0.956702 1.081239 0.972258
   1138 1.076945 1.015675 1.131343 1.056668
   1139 1.076536 0.956825 1.145909 1.000671
   1140 1.107252 1.119072 1.042747 1.121278
   1141 0.971761 1.032501 0.994301 1.009215
   1142 1.079108 1.018067 1.167443 1.059124
   1143 1.038381 0.901044 1.077910 0.894251
   1144 0.963624 1.006587 0.987020 1.035628
   1145 1.010014 0.969401 0.997690 0.972493
   1146 0.930760 1.006628 0.926607 1.057510
   1147 1.048181 0.999624 1.041497 0.979332
   1148 1.027725 0.993781 1.020276 0.953585
   1149 0.959192 0.923972 0.993973 0.892329
   1150 0.964784 1.003899 0.936972 0.971788
   1151 0.970620 0.906394 0.939559 0.893730
   1152 0.975406 1.026285 1.030490 1.045437
   1153 1.007685 1.011026 1.030335 1.064541
   1154 0.938843 1.003300 0.990274 1.003956
   1155 0.968975 1.042168 0.999265 1.061816
   1156 1.020770 0.994766 1.026129 1.000722
   1157 0.990193 0.999628 1.055089 1.007664
   1158 1.069301 0.988906 0.995035 1.003302
   1159 1.048046 1.018699 0.996842 1.058402
   1160 1.036256 1.006591 0.980391 1.009437
   1161 0.991573 0.973011 1.000736 0.967657
   1162 0.986674 1.003029 1.006720 0.948288
   1163 1.035020 0.962298 1.052608 1.002076
   1164 1.028909 0.953501 1.021082 0.944896
   1165 0.983035 1.005569 0.931268 0.988402
   1166 0.960219 0.908072 0.947734 0.933118
   1167 1.001295 0.901433 1.011461 0.913180
   1168 1.012890 1.115252 1.030292 1.061371
   1169 0.926368 1.010915 0.959506 1.057407
   1170 1.053782 1.006152 1.037500 0.999624
   1171 1.026029 1.003263 1.047382 0.978286
   1172 1.065868 0.999615 1.104108 0.947489
   1173 1.013203 0.952693 0.953745 0.893563
   1174 1.063631 0.920718 1.031287 0.889377
   1175 0.960749 0.988123 0.972507 0.952184
   1176 1.070210 1.050522 1.192265 1.059351
   1177 0.975825 0.952397 0.951351 0.894264
   1178 1.068289 0.961408 1.169650 0.976833
   1179 1.065409 0.974903 1.117075 0.951184
   1180 0.953113 0.996403 1.006218 1.004439
   1181 0.943671 1.008708 0.971686 0.983677
   1182 1.044930 0.943309 1.008954 0.889911
   1183 1.019023 0.917751 1.056015 0.901753
   1184 1.010458 1.004437 1.013153 1.000316
   1185 1.048122 0.999771 1.037289 1.009347
   1186 0.982119 1.041385 0.972069 1.004699
   1187 0.952735 1.065913 0.966276 1.059953
   1188 1.028676 1.054851 1.025763 1.029447
   1189 1.019806 0.981939 1.040342 1.008070
   1190 0.990624 1.087261 0.990502 1.104386
   1191 0.982148 0.958917 1.026829 0.999432
   1192 1.015024 1.005988 0.992995 0.999658
   1193 0.944268 0.995939 0.942820 0.951539
   1194 0.965188 1.002406 1.004687 1.004832
   1195 1.025459 0.967308 0.973404 1.007006
   1196 1.049816 1.034857 1.014044 1.005836
   1197 1.027342 0.940531 1.037345 0.951590
   1198 0.979917 1.010222 0.966661 1.040981
   1199 0.987825 1.021099 1.007999 1.064584
   1200 0.939282 0.952586 0.974702 0.946404
   1201 0.994831 1.010374 1.042961 1.026298
   1202 1.004198 0.955692 0.980195 0.982135
   1203 0.966801 0.905249 0.950142 0.893213
   1204 1.043203 0.940363 0.972672 0.890983
   1205 0.963121 0.922741 0.958433 0.937608
   1206 1.070277 1.037688 1.064085 1.004631
   1207 0.972853 0.954527 0.993910 0.938825
   1208 1.037575 0.979346 1.090308 0.946617
   1209 1.023341 1.001819 0.959027 0.952543
   1210 1.044921 1.016483 1.046757 1.005289
   1211 1.023579 0.964863 0.966283 0.951257
   1212 1.049032 1.008010 1.007263 1.052127
   1213 0.998779 0.905651 0.949272 0.890116
   1214 1.014978 0.950580 1.031762 0.944340
   1215 0.997238 0.910005 0.992789 0.893602
   1216 1.040145 1.001019 0.937129 0.949360
   1217 0.980922 0.957206 1.000767 0.950227
   1218 0.911301 0.897958 0.910604 0.887728
   1219 1.007818 0.955274 0.988268 0.947044
   1220 1.041846 1.005856 1.011578 1.046398
   1221 0.953511 0.957629 0.979042 0.987812
   1222 0.963805 0.846165 0.954493 0.829864
   1223 0.938892 0.953788 0.941207 0.894149
   1224 1.026581 1.007949 0.970082 1.000530
   1225 0.992369 0.957358 1.017315 0.937253
   1226 1.016719 1.020303 1.019500 1.059265
   1227 1.022150 1.058080 1.023728 1.019758
   1228 1.049904 1.006558 1.013618 1.053780
   1229 0.942839 1.008298 0.965171 1.003097
   1230 0.974157 1.004244 0.996072 0.956315
   1231 1.027385 1.011564 1.028952 1.062756
   1232 0.984436 0.952094 0.988905 0.970553
   1233 0.994818 0.982748 0.979938 1.009296
   1234 0.976080 1.069917 1.005148 1.086559
   1235 0.993884 1.007342 1.001295 1.008104
   1236 0.952816 0.975034 0.962498 0.985962
   1237 0.945547 1.058265 0.919106 1.008856
   1238 1.061917 1.046218 1.049895 1.014755
   1239 0.927622 0.972995 0.943920 0.956515
   1240 0.924141 1.005109 0.882327 1.053682
   1241 1.034289 1.001146 1.013150 0.958459
   1242 1.046378 1.021362 1.011922 1.016246
   1243 0.946188 1.009894 0.951540 1.023223
   1244 0.972573 0.921149 0.988583 0.943631
   1245 0.991545 0.957149 0.996382 0.951304
   1246 1.025598 0.985357 1.067557 0.949954
   1247 1.047416 0.961034 1.041575 0.952423
   1248 1.051989 1.076101 0.972580 1.060128
   1249 0.994415 0.981070 1.014740 0.952431
   1250 0.987001 1.005618 0.967492 0.947459
   1251 0.993763 0.972621 0.988425 1.006810
   1252 0.950750 0.942045 0.993632 0.946651
   1253 0.983149 0.957588 1.022180 0.992968
   1254 1.025733 0.950399 1.082521 0.937702
   1255 1.074659 0.967788 1.002843 1.008826
   1256 1.032220 1.062483 0.977125 1.057608
   1257 1.015468 1.009840 1.088328 1.006891
   1258 1.112891 1.006738 1.220641 1.055574
   1259 0.917177 1.010123 0.915755 1.044365
   1260 0.984399 0.944848 1.023355 0.941282
   1261 1.043223 0.901577 1.006122 0.898258
   1262 1.057961 0.952090 1.031859 0.982152
   1263 0.952029 0.957333 1.012399 0.992353
   1264 1.005577 0.949291 1.016959 0.946301
   1265 0.969670 1.066713 0.934299 1.066459
   1266 0.930989 1.012593 0.936775 1.060731
   1267 1.020152 1.066151 1.015001 1.055476
   1268 0.967618 1.007444 0.993111 1.005284
   1269 1.039187 1.063640 1.099950 1.065302
   1270 1.012510 0.992841 1.014892 1.004174
   1271 0.916509 1.011473 0.950455 1.008826
   1272 1.054168 1.119675 1.028995 1.166364
   1273 0.935400 1.009885 0.922088 0.985108
   1274 1.005892 0.996723 0.980612 0.948796
   1275 1.010880 1.089797 0.967938 1.065050
   1276 0.987936 1.005647 0.989532 1.045219
   1277 1.020096 1.034631 0.963480 1.064387
   1278 1.007490 1.062130 0.976122 1.048778
   1279 0.967364 1.008806 0.965588 0.967806
   1280 1.022009 1.059274 1.047079 1.003482
   1281 1.008447 1.063849 1.004697 1.064106
   1282 0.945540 1.205355 0.973961 1.178044
   1283 0.996998 1.068904 0.960238 1.122474
   1284 0.949036 1.090572 0.955591 1.113041
   1285 1.023706 1.067398 1.010868 1.070133
   1286 0.960799 1.011264 0.944252 1.006075
   1287 0.964439 0.996177 0.941306 0.953512
   1288 0.983247 1.093674 0.995761 1.059347
   1289 1.021466 1.076384 1.067780 1.114314
   1290 1.059177 1.113200 1.041337 1.068031
   1291 0.919462 1.044113 0.941444 1.064661
   1292 0.952181 0.978440 0.965118 1.001115
   1293 0.953692 0.959701 0.908440 0.973390
   1294 1.060416 0.921813 0.985249 0.930149
   1295 0.934352 0.936593 0.943891 0.949210
   1296 0.967701 1.219695 1.002560 1.236647
   1297 0.935537 1.207013 0.910495 1.239360
   1298 1.066133 1.005840 1.110267 1.020800
   1299 0.933638 1.066335 0.923622 1.068865
   1300 1.069364 1.007612 1.011156 1.015341
   1301 0.967366 1.039739 0.989767 1.056689
   1302 0.951771 0.954490 0.971347 0.949971
   1303 1.021153 0.956176 1.009165 0.947745
   1304 0.947112 0.952147 0.968548 0.998099
   1305 0.993911 1.012803 0.986388 1.037013
   1306 1.049944 1.058031 1.046937 1.058535
   1307 1.025486 0.956960 0.986594 0.940098
   1308 0.997458 0.954248 1.005353 1.003482
   1309 0.959012 0.956078 0.988798 0.983549
   1310 1.032386 1.001429 1.173544 1.004580
   1311 1.010307 1.011354 1.001976 1.027298
   1312 0.966058 0.952283 0.988311 0.948894
   1313 1.027374 1.009918 1.152977 1.033424
   1314 1.095168 0.953727 1.185302 1.002217
   1315 0.968525 0.900330 1.018199 0.948783
   1316 0.987280 1.175157 1.012467 1.231828
   1317 0.957661 1.178976 0.990230 1.183747
   1318 0.938864 1.009151 0.925441 1.006899
   1319 0.978401 1.009319 1.011658 1.008527
   1320 1.013890 0.998692 1.035159 1.000534
   1321 0.943056 1.078000 0.946757 1.083052
   1322 0.954177 0.951072 0.923879 0.935728
   1323 1.053550 0.956537 1.027018 0.975962
   1324 1.023058 1.017131 1.047014 1.057595
   1325 1.050291 1.000461 1.023350 0.953576
   1326 0.962053 1.052422 0.962598 1.060611
   1327 0.969868 0.958897 0.989743 0.982280
   1328 1.020861 1.061953 1.040846 1.071714
   1329 0.988564 1.010821 0.935004 1.012449
   1330 0.935278 1.003907 0.977048 0.950103
   1331 0.958867 1.018707 0.983030 1.065062
   1332 0.996474 1.070721 0.997622 1.061230
   1333 1.002670 1.024090 1.003929 1.064503
   1334 0.933830 0.994885 0.912663 0.999265
   1335 0.983142 0.959172 1.002773 0.951231
   1336 0.982762 0.982136 1.009325 1.001593
   1337 0.997186 0.929125 0.950530 0.893367
   1338 1.071970 1.004531 1.069432 0.980174
   1339 1.059967 1.010230 1.038491 1.006105
   1340 0.982253 0.962758 1.019716 0.993532
   1341 0.961693 0.997433 0.972013 0.954734
   1342 1.022672 1.005602 1.028530 1.051896
   1343 1.056759 1.009914 1.025666 1.063149
   1344 1.071642 1.007239 1.048947 1.036115
   1345 1.041959 1.044868 0.997569 1.065810
   1346 0.987237 1.067098 1.009618 1.061299
   1347 0.973614 1.008072 0.980834 1.008399
   1348 0.977257 0.979289 0.940218 1.004276
   1349 0.985547 0.971768 0.977833 1.006998
   1350 1.054974 0.966565 1.035392 0.936142
   1351 1.001412 0.810350 0.982378 0.835212
   1352 1.036621 0.949603 0.934115 0.888437
   1353 0.949095 0.883175 0.961144 0.893012
   1354 1.083058 0.993810 1.050144 0.947523
   1355 1.017425 1.058211 1.030316 1.011385
   1356 1.021761 1.002865 1.031304 1.004648
   1357 1.059834 0.985936 1.046042 0.966559
   1358 1.023644 1.062712 1.007178 1.059876
   1359 0.977928 0.957764 0.960943 1.006429
   1360 0.950331 1.042205 0.979880 1.004430
   1361 0.994346 0.966935 0.984398 0.979896
   1362 0.971145 1.011576 0.971189 1.059082
   1363 1.026609 1.010448 1.062256 0.990063
   1364 1.006274 1.042090 1.005710 1.060269
   1365 0.923268 0.974406 0.947491 0.951440
   1366 1.026106 1.062199 0.977692 1.052883
   1367 0.963633 1.010349 0.933269 1.006916
   1368 0.960788 1.006012 0.992990 1.004665
   1369 0.972029 1.050621 0.978770 1.064883
   1370 1.117873 1.062671 1.172737 1.065823
   1371 0.981683 1.064374 0.986841 1.065028
   1372 1.028027 0.996308 1.011074 1.003764
   1373 1.047317 0.918084 1.034217 0.949270
   1374 1.036464 1.105560 0.994516 1.061773
   1375 0.993999 1.070053 1.007948 1.122572
   1376 1.002009 0.952192 0.933812 0.935480
   1377 1.043421 0.905910 1.028630 0.926970
   1378 0.935151 1.052656 0.918604 1.059428
   1379 0.962243 1.023003 0.974588 1.010026
   1380 1.046969 1.008650 1.061798 1.040255
   1381 0.949114 1.068567 0.914408 1.121025
   1382 0.948879 1.006000 0.939969 1.004071
   1383 1.004942 1.020980 0.964522 1.063798
   1384 1.037575 1.076753 1.076192 1.059953
   1385 0.994058 0.924891 0.941570 0.943123
   1386 1.030223 1.012351 0.952083 1.059009
   1387 0.980338 1.011830 0.965035 1.061158
   1388 1.008784 1.061563 1.028533 1.053733
   1389 1.051888 1.012483 1.104425 1.063123
   1390 1.085019 1.003501 1.059891 1.002499
   1391 0.904610 1.053932 0.931057 1.060778
   1392 0.961531 1.010025 0.963208 1.005451
   1393 1.040249 1.012503 0.971996 1.015751
   1394 1.145785 1.034532 1.088854 1.011680
   1395 1.000140 1.009619 0.924232 1.000893
   1396 1.028460 0.988234 1.015180 1.003554
   1397 0.935611 0.957050 0.952572 0.951150
   1398 1.072033 1.006422 1.112329 0.979294
   1399 1.043395 1.011198 1.048012 1.049978
   1400 1.035498 1.008445 0.969789 1.031139
   1401 1.011433 0.952008 0.948468 0.903449
   1402 1.040706 1.227951 1.010296 1.231832
   1403 0.996585 1.172083 1.020637 1.148076
   1404 0.997937 1.061851 1.040572 1.007912
   1405 1.057299 1.044515 0.961759 1.064499
   1406 1.041040 1.056270 1.039014 1.060312
   1407 0.982714 1.064989 0.995711 1.062644
   1408 0.952130 0.968449 0.952994 0.946669
   1409 1.045040 0.905815 0.996883 0.929559
   1410 1.005564 1.006632 1.024891 0.991751
   1411 1.074836 0.961896 1.079439 0.973065
   1412 0.954895 1.065474 0.958978 1.111648
   1413 0.979065 0.969511 0.946849 1.009441
   1414 1.001005 0.965486 0.969895 0.945272
   1415 0.976445 0.925502 0.985358 0.893807
   1416 1.008212 0.938767 1.032189 0.945870
   1417 1.024386 0.956472 1.011549 0.945366
   1418 1.047501 1.006238 1.085426 1.013136
   1419 1.025685 1.077299 0.976481 1.068860
   1420 1.021224 1.007366 0.964165 0.979977
   1421 0.911406 1.063291 0.887238 1.062905
   1422 0.950465 0.938488 0.984086 0.935801
   1423 1.011681 1.024607 1.015343 1.048906
   1424 1.082289 1.012331 1.030587 1.038145
   1425 1.026918 1.013681 1.010357 1.013218
   1426 0.977290 1.065010 0.992021 1.092749
   1427 0.987463 1.010378 0.990199 1.033531
   1428 0.986496 1.034943 1.046309 1.003657
   1429 0.969863 0.956234 0.953413 0.938381
   1430 0.941099 0.994679 0.946534 0.945366
   1431 0.962234 0.947810 0.960769 0.937381
   1432 0.902484 1.059606 0.940766 1.005776
   1433 1.003607 1.042936 1.026570 1.014760
   1434 0.985318 0.948844 0.997237 0.889266
   1435 1.075803 0.954158 1.055618 0.952372
   1436 0.989584 1.004482 0.953813 1.004592
   1437 1.028857 1.013845 1.043625 1.064657
   1438 1.010649 0.989838 1.001366 0.998424
   1439 0.970889 1.066516 0.973675 1.031352
   1440 1.046641 0.899448 0.994657 0.886715
   1441 1.063868 0.901064 1.031559 0.930674
   1442 1.001567 1.055249 0.984818 1.008497
   1443 1.006188 0.898902 0.976805 0.893299
   1444 1.021999 0.985862 1.045497 0.974300
   1445 0.991755 1.008954 0.995376 1.006570
   1446 1.036324 1.104219 1.050668 1.097495
   1447 0.967225 0.957120 0.970007 0.959617
   1448 1.014459 1.036449 1.034568 1.002431
   1449 1.003373 1.011588 1.018994 1.063042
   1450 1.002347 1.005873 1.043380 0.999868
   1451 0.929060 0.970250 0.900966 0.982814
   1452 1.055839 1.008704 1.046033 1.013230
   1453 0.991663 1.005175 0.974220 0.953115
   1454 1.006752 1.092509 1.009036 1.060816
   1455 0.972267 1.102885 0.952279 1.065327
   1456 0.977287 1.008101 0.960170 1.045232
   1457 0.959625 0.967177 0.908649 1.007549
   1458 0.977433 0.953317 0.974799 0.973843
   1459 0.980307 1.070762 0.985687 1.066549
   1460 0.982108 1.056976 0.990809 1.056894
   1461 0.922519 1.066302 0.940470 1.091267
   1462 0.987276 0.964272 1.014393 0.946160
   1463 0.955390 1.010800 0.979298 0.992037
   1464 0.944356 1.066959 0.971855 1.096051
   1465 1.061263 1.031603 1.119578 1.068057
   1466 0.991919 0.954072 1.085816 1.002461
   1467 1.068065 0.979154 1.157779 1.008014
   1468 0.992730 1.009151 0.994291 0.956498
   1469 0.963725 1.052401 0.964541 1.008941
   1470 1.004780 1.059110 0.974252 1.041848
   1471 1.017546 1.004350 0.987308 0.952594
   1472 1.041685 1.009065 1.114558 1.037555
   1473 0.901796 1.017373 0.951506 1.010633
   1474 1.024533 0.952795 1.000588 0.986492
   1475 0.998933 0.963160 1.040048 0.952115
   1476 0.996025 1.017410 0.970111 1.034569
   1477 0.969983 1.004461 0.938852 0.957951
   1478 1.009641 1.004666 1.036644 1.003268
   1479 0.990996 1.009848 0.967671 0.986176
   1480 1.035893 1.008404 1.028082 1.059487
   1481 0.976789 0.902119 1.000760 0.920870
   1482 1.042255 0.992878 1.067899 0.984664
   1483 0.964114 0.957104 0.956429 0.972091
   1484 1.063535 0.952754 1.082814 0.985783
   1485 1.036243 0.934734 1.036799 0.951551
   1486 1.068334 1.060575 1.075213 1.023885
   1487 1.057396 1.006710 1.075361 0.952431
   1488 0.958747 1.061461 0.957803 1.019570
   1489 1.012965 1.010238 1.002635 0.975543
   1490 1.019231 1.004313 1.029347 0.959391
   1491 0.922369 0.977734 0.919706 0.999705
   1492 1.000614 0.897051 0.925160 0.856363
   1493 1.015306 1.010858 0.985695 0.969336
   1494 1.033177 0.945262 0.985847 0.943977
   1495 0.956440 0.902275 0.949263 0.938556
   1496 1.010184 1.059967 1.006890 1.019049
   1497 1.009032 1.007284 0.981862 0.953128
   1498 0.948855 0.956152 0.954023 0.953316
   1499 1.018212 0.997310 1.034289 1.007895
   1500 0.966163 1.054560 1.006122 1.004909
   1501 0.942214 1.016774 0.952795 1.032420
   1502 1.011753 1.061994 1.023963 1.061320
   1503 1.032706 1.019487 1.046774 1.062486
   1504 0.994693 1.006065 0.987684 1.048034
   1505 1.039591 1.003620 1.051901 1.001051
   1506 0.981106 0.952131 0.955075 0.943905
   1507 1.021285 0.994864 0.958225 1.009646
   1508 1.000103 1.058831 0.989045 1.059492
   1509 1.031352 1.012392 1.029376 1.064657
   1510 0.940077 1.057095 0.898470 1.002354
   1511 1.001162 0.998479 1.017526 0.951974
   1512 1.039593 0.996645 0.988096 0.981895
   1513 1.045366 0.913841 0.991463 0.938471
   1514 1.023601 1.081611 1.014517 1.059005
   1515 1.048193 1.013352 0.991090 1.009676
   1516 1.021539 0.953932 0.986591 0.945400
   1517 0.987527 0.964518 1.024315 1.007045
   1518 0.946791 1.049291 0.950770 1.004930
   1519 1.084693 0.958700 1.021771 0.995779
   1520 1.039328 0.944536 1.024004 0.896306
   1521 1.000743 0.964436 0.982489 0.950928
   1522 0.972360 1.060263 0.983541 1.058407
   1523 0.961019 0.981500 0.984808 0.954016
   1524 0.982286 0.980442 1.051852 0.947873
   1525 0.939040 0.927110 0.937272 0.891496
   1526 0.961122 1.052943 0.996491 1.024333
   1527 1.027975 1.014046 1.033354 1.065964
   1528 0.996446 0.946321 0.938079 0.911736
   1529 1.006346 0.973836 0.996651 0.950842
   1530 0.929933 0.952951 0.947298 0.984125
   1531 0.943215 1.040232 0.947210 1.027824
   1532 0.943395 1.053099 1.015234 1.059842
   1533 0.944632 0.954351 0.980381 0.950988
   1534 0.973269 1.006898 0.995873 1.057010
   1535 1.024329 1.010858 0.957791 1.063097
   1536 0.966827 0.977845 1.030626 0.946173
   1537 1.047013 1.010571 1.088730 1.009360
   1538 0.960423 1.063028 0.963303 1.055160
   1539 0.912057 1.008474 0.941035 1.008001
   1540 0.994981 1.008343 1.007430 1.052063
   1541 1.054925 1.008298 1.057973 0.983514
   1542 0.981044 1.007424 0.990029 1.039913
   1543 0.973478 1.012007 1.002839 0.949501
   1544 1.012301 0.991996 0.960812 1.003943
   1545 0.977304 1.012298 0.952613 1.036577
   1546 1.010634 1.065195 1.017468 1.090553
   1547 1.014588 1.052947 1.007280 1.059047
   1548 0.999708 1.050629 0.981186 1.060017
   1549 1.041754 0.958720 1.033214 0.990183
   1550 0.976577 1.011666 0.962326 1.058210
   1551 0.979724 1.014231 0.986385 1.030207
   1552 0.948944 1.005704 0.895696 1.003841
   1553 1.044844 1.066569 1.080602 1.013294
   1554 1.025028 0.928165 1.026003 0.908861
   1555 0.935867 1.009541 0.938878 1.007186
   1556 0.996376 0.951142 1.006177 0.945348
   1557 1.028903 1.007034 1.059370 0.985830
   1558 1.028240 0.960714 0.995808 1.001619
   1559 0.976889 0.956168 0.989358 0.939594
   1560 0.979712 1.064070 0.960403 1.079908
   1561 1.058021 1.120274 1.019326 1.105527
   1562 1.079057 0.989140 1.066896 0.981806
   1563 0.995407 0.944397 1.004789 0.950441
   1564 0.944603 1.012712 0.957968 1.009873
   1565 0.962617 1.011227 0.934672 1.051439
   1566 1.075727 1.064440 1.082649 1.114694
   1567 1.068120 0.959073 1.056461 0.999308
   1568 0.967994 1.058712 0.966319 1.059539
   1569 0.976234 1.003723 0.962140 0.985864
   1570 1.003278 1.057329 1.021824 1.057531
   1571 0.950520 0.955216 0.972146 0.897652
   1572 0.945056 1.052188 0.967131 1.058855
   1573 0.926736 1.010628 0.950127 1.008766
   1574 0.963021 1.004428 0.949502 1.041840
   1575 1.029657 1.005405 0.989675 1.006553
   1576 0.951167 1.006820 0.985535 1.057616
   1577 1.039848 0.958704 1.000062 0.954448
   1578 1.039432 1.007296 0.974719 0.984236
   1579 1.012039 1.011100 1.054726 1.029225
   1580 1.023504 0.956025 1.055055 1.003183
   1581 0.988661 1.010210 0.997152 1.063281
   1582 1.094794 1.008913 1.205089 1.003802
   1583 1.006313 1.074172 0.988137 1.089806
   1584 0.920598 0.934340 0.936109 0.943277
   1585 1.002208 0.853104 0.965009 0.835285
   1586 0.970399 0.998344 0.974130 0.946391
   1587 1.048502 0.959118 1.037151 0.950983
   1588 1.005100 1.003042 0.979342 1.004447
   1589 0.952167 1.015868 0.951610 1.045663
   1590 0.925768 1.005356 0.885620 0.979597
   1591 1.058870 1.018883 1.070264 1.008313
   1592 1.041328 1.004999 1.003478 0.998770
   1593 1.004368 0.968580 0.989775 0.977354
   1594 1.023056 1.006890 0.981065 1.029233
   1595 1.032791 1.049152 1.020491 1.065716
   1596 1.019155 1.052968 1.057081 1.059385
   1597 0.936233 1.064797 0.939971 1.008997
   1598 1.019005 0.953649 1.023428 0.952175
   1599 1.028183 1.009044 0.991645 1.008719
   1600 1.016963 1.005499 0.970399 0.948023
   1601 0.951387 1.009061 0.935990 1.008813
   1602 1.004835 1.008109 1.001826 1.004503
   1603 0.989473 1.018116 1.020297 1.007203
   1604 0.929089 1.007473 0.916932 1.044937
   1605 0.970877 0.986596 1.019505 0.989653
   1606 1.035592 1.043432 0.973532 1.002046
   1607 0.936401 1.004904 0.958079 0.952367
   1608 0.957167 1.056648 0.935891 1.060564
   1609 1.004400 0.921497 1.038413 0.948352
   1610 0.970648 0.971054 0.997746 0.994130
   1611 1.007354 1.010993 1.014919 1.009262
   1612 1.019213 1.060825 0.965714 1.062414
   1613 0.969489 1.012831 0.985283 1.007826
   1614 0.974174 0.988669 0.993971 0.965457
   1615 1.014200 0.959524 1.008108 0.949902
   1616 1.057841 1.003316 0.965546 0.992973
   1617 1.009032 1.011047 0.967744 1.059821
   1618 1.109357 1.105323 1.119767 1.060902
   1619 0.962176 0.997084 0.985729 1.008160
   1620 1.030528 0.953001 0.996769 0.937689
   1621 1.029953 1.059758 1.031372 1.009697
   1622 1.022504 1.061305 0.958147 1.058360
   1623 0.937684 1.067952 0.932516 1.098568
   1624 1.004284 1.017710 0.998112 1.003580
   1625 0.986391 1.010058 1.026149 1.006220
   1626 0.969633 1.012031 0.989855 1.048645
   1627 0.924854 0.955979 0.897508 0.928589
   1628 0.933297 1.007473 0.929003 1.042062
   1629 0.959608 0.973582 0.961670 0.950522
   1630 0.951887 1.008458 1.002146 1.007728
   1631 0.953616 1.011531 0.981285 1.047658
   1632 1.020626 0.996448 0.959858 0.997441
   1633 1.012454 1.021838 0.970474 1.008305
   1634 1.048691 1.050797 1.075594 1.042588
   1635 0.969817 1.009972 0.989482 1.001491
   1636 1.024987 1.004354 0.992258 0.982143
   1637 1.034958 0.961108 1.028969 0.999355
   1638 0.968536 1.059044 0.977367 1.017383
   1639 1.012403 0.922285 1.007183 0.950150
   1640 1.041586 1.020250 0.984965 1.035761
   1641 1.053930 0.951273 1.060478 0.892910
   1642 1.055965 0.910645 1.068478 0.888386
   1643 0.933586 1.005257 0.934166 0.997317
   1644 1.028449 1.013016 0.992888 1.058522
   1645 0.963423 0.908097 0.967887 0.896874
   1646 1.071226 1.004490 1.128104 0.946348
   1647 1.015504 0.958015 1.006873 1.004592
   1648 0.984187 1.004080 0.961273 1.003597
   1649 1.021025 1.047560 1.034927 1.052003
   1650 1.006552 1.013467 1.021087 1.052981
   1651 1.046586 1.005216 1.020685 0.984232
   1652 0.998038 0.953575 1.029550 0.995895
   1653 1.011653 0.963545 0.966176 0.951522
   1654 1.022838 0.952516 1.053616 0.977589
   1655 1.004254 0.963841 0.949226 1.005814
   1656 0.979572 1.015174 0.965510 1.005481
   1657 1.030437 1.049640 1.006201 1.063593
   1658 1.082521 1.099484 1.005598 1.059808
   1659 1.021186 1.028682 1.069287 1.057275
   1660 1.045154 1.006701 1.104360 0.959946
   1661 1.001861 1.011818 0.998419 1.027102
   1662 1.106557 1.003341 1.162435 0.982382
   1663 0.941140 0.967907 0.970402 0.953188
   1664 1.012526 1.048220 1.058639 1.056826
   1665 0.988914 1.022982 0.961367 1.006075
   1666 0.945360 1.005897 0.916714 1.032057
   1667 0.940210 0.981496 0.913034 1.008189
   1668 1.055814 0.978891 0.993271 0.989559
   1669 1.004657 0.986186 0.989780 0.951287
   1670 0.944681 0.952910 0.952022 0.956468
   1671 0.980779 1.009508 0.990703 0.998774
   1672 1.014611 1.005655 0.975419 1.059505
   1673 1.017823 0.927127 1.029129 0.951799
   1674 1.009891 0.951409 1.025468 0.950966
   1675 0.966028 1.009943 0.979146 0.986757
   1676 0.937791 1.007169 0.915566 1.002170
   1677 0.984014 0.943982 0.993973 0.900300
   1678 1.025564 1.007621 1.053018 1.052994
   1679 1.005097 1.009598 1.030360 1.010172
   1680 0.979800 0.950957 0.909618 0.929282
   1681 0.973285 1.022609 0.979182 1.064537
   1682 1.011436 0.997950 0.986908 1.004977
   1683 0.926129 0.954732 0.914483 0.892803
   1684 0.953955 1.011084 0.938084 1.043574
   1685 0.956135 0.950083 0.949890 0.949398
   1686 1.016961 1.007145 1.019183 1.034364
   1687 0.986954 1.069228 0.996474 1.066635
   1688 0.933418 0.965577 0.943886 1.003490
   1689 1.019745 1.076388 1.017206 1.108073
   1690 1.043977 1.256130 1.009383 1.293827
   1691 0.941066 1.132932 0.952371 1.182337
   1692 1.070254 0.988578 1.049643 1.001256
   1693 0.974145 0.926544 0.906650 0.896567
   1694 1.047859 1.043251 1.029296 1.059432
   1695 1.056104 0.965650 1.040170 1.000709
   1696 0.954277 1.062511 0.960354 1.059026
   1697 0.979348 0.956697 1.025964 1.000004
   1698 1.042516 0.956747 0.992125 0.946861
   1699 0.937528 0.930980 0.919176 0.944695
   1700 1.013545 1.059676 1.029155 1.053695
   1701 0.928067 1.016352 0.950268 1.060568
   1702 0.998613 0.949353 1.003374 0.945998
   1703 0.957838 1.011416 0.922873 1.017413
   1704 0.973478 1.057058 0.993031 1.006562
   1705 0.948325 1.061387 0.947567 1.007664
   1706 0.994975 1.048639 1.003284 1.058437
   1707 1.022176 0.944745 1.001598 0.951577
   1708 1.028927 0.941122 1.051579 0.946344
   1709 0.962618 1.000338 0.990036 0.953051
   1710 1.011399 1.056336 0.969769 1.004738
   1711 1.016052 0.975526 1.026003 0.951560
   1712 1.032702 0.997880 1.048703 0.946703
   1713 1.017526 0.955311 1.018301 0.949509
   1714 0.955200 0.939703 0.968732 0.936980
   1715 0.985547 1.010234 0.973593 1.008142
   1716 1.015471 1.007945 1.018454 1.059693
   1717 1.003415 0.958105 1.040453 0.989508
   1718 0.990177 1.070430 1.013153 1.069962
   1719 0.976260 0.945106 1.020004 0.949048
   1720 0.983977 1.024730 1.041199 1.055715
   1721 1.036550 0.957760 1.033381 1.005182
   1722 0.970387 0.951454 0.989135 0.988709
   1723 1.047646 0.986859 0.987991 1.002166
   1724 1.019608 0.853054 1.004050 0.875835
   1725 1.052639 0.926228 1.047440 0.892560
   1726 1.028579 1.059594 1.009862 1.096568
   1727 0.996707 1.010009 1.035971 1.007399
   1728 0.977827 1.007054 0.946159 1.039977
   1729 0.962905 0.869110 0.990167 0.834213
   1730 1.026760 1.063377 0.971599 1.065648
   1731 0.961687 1.016545 0.958898 1.064276
   1732 0.994716 0.982781 1.016307 0.995040
   1733 0.991498 1.010710 1.039702 1.047154
   1734 0.931096 1.039239 0.960565 1.020245
   1735 0.929186 0.980237 0.935147 0.971694
   1736 0.985098 1.056270 1.010810 1.057723
   1737 0.948813 1.002344 0.965110 1.007510
   1738 1.012128 1.059118 1.046089 1.005596
   1739 1.014022 0.968843 1.061798 1.001961
   1740 1.033859 1.005754 1.058312 1.008031
   1741 0.951048 0.955992 0.962385 0.977491
   1742 0.970531 1.011728 1.010788 1.001098
   1743 0.960935 0.957333 0.937483 0.970070
   1744 0.932964 0.984360 0.979357 0.971523
   1745 1.021196 0.956570 1.019261 0.976538
   1746 1.009217 0.954047 0.992774 0.996160
   1747 0.970597 0.982965 0.955109 0.987363
   1748 0.941199 0.952073 0.973110 0.946246
   1749 0.951241 0.872884 0.993901 0.833316
   1750 1.010807 1.060058 0.955487 1.028943
   1751 1.039227 1.008925 1.022524 1.006724
   1752 1.022094 0.968810 1.002860 0.944486
   1753 1.008875 1.006246 0.982395 0.961108
   1754 1.026496 0.943957 1.026299 0.944836
   1755 0.967508 0.901840 0.984202 0.892444
   1756 0.960369 1.005138 0.980115 0.974543
   1757 0.914401 0.907461 0.910265 0.951107
   1758 0.971084 1.038705 1.009567 1.054617
   1759 1.077561 1.008010 1.070709 0.956669
   1760 0.995662 0.987401 0.991628 0.944682
   1761 1.028236 0.973442 1.010892 0.981417
   1762 1.056408 0.965856 1.038239 0.946280
   1763 0.985298 0.963205 1.009436 1.007168
   1764 0.985256 1.057464 0.984878 1.035714
   1765 1.055402 0.928596 1.089404 0.948779
   1766 1.001484 1.092414 0.977207 1.101161
   1767 1.014232 0.957264 1.014650 0.948890
   1768 1.014746 0.949090 1.032734 0.944780
   1769 1.002172 1.011724 0.965411 1.064819
   1770 0.990257 1.006533 1.003008 0.953388
   1771 0.958979 0.958035 0.949442 0.998535
   1772 0.979619 1.003682 0.996784 0.995801
   1773 0.990370 1.050756 0.983163 1.008488
   1774 1.042136 1.004572 1.045931 1.000538
   1775 1.029126 1.009967 1.006725 0.999880
   1776 0.997741 1.004904 0.969040 1.014217
   1777 0.955761 1.014083 0.949461 1.061743
   1778 0.988738 0.949242 1.041095 0.902992
   1779 1.057759 0.738850 1.043077 0.775498
   1780 0.970671 1.004908 0.983742 1.000555
   1781 1.011624 0.956665 1.025533 0.991166
   1782 1.029788 0.948795 1.041182 0.939620
   1783 0.934164 0.934106 0.976604 0.950701
   1784 0.943645 1.057842 0.990383 1.031459
   1785 0.959093 0.966299 1.009145 1.007211
   1786 1.001001 1.043744 0.986138 1.000444
   1787 0.967028 0.957231 0.969609 0.982327
   1788 0.989827 1.007095 0.980330 1.045510
   1789 1.005310 1.009295 1.038282 1.002486
   1790 0.925623 1.004149 0.927670 1.052776
   1791 1.007488 1.002881 1.005993 1.008993
   1792 0.930778 0.952964 0.960001 0.992733
   1793 0.951350 0.955897 0.947961 0.982698
   1794 1.031573 1.006857 0.968623 1.030400
   1795 1.019114 1.010891 0.976359 1.014888
   1796 0.947359 1.006070 0.917126 1.004652
   1797 1.006118 1.011309 0.980575 1.038687
   1798 0.980749 1.062417 0.983461 1.067122
   1799 0.937453 1.067443 0.908123 1.088571
   1800 0.983454 1.030692 0.985169 1.058031
   1801 0.962658 0.941094 1.031556 0.921699
   1802 0.932859 0.998479 0.906764 0.999039
   1803 0.963567 1.010390 0.972272 1.023748
   1804 0.951266 1.009643 0.983560 1.000598
   1805 1.005548 0.938500 0.957944 0.951855
   1806 0.962491 0.992390 0.992190 0.989884
   1807 1.007698 0.902837 0.983909 0.887984
   1808 0.990220 1.021062 0.985314 1.007916
   1809 1.009368 0.902549 1.046953 0.899989
   1810 0.994576 1.004867 0.992614 1.052345
   1811 1.009780 1.011551 0.963545 1.063516
   1812 0.996728 0.952603 0.998049 0.995220
   1813 0.968942 1.007120 0.954508 0.991554
   1814 0.990157 1.060653 0.975458 1.057228
   1815 0.924052 0.978940 0.920361 1.006579
   1816 0.933167 1.006537 0.970012 1.041737
   1817 0.944353 1.067144 0.945626 1.018139
   1818 1.073549 0.995980 0.962176 0.960625
   1819 0.986396 1.038927 0.974324 1.064212
   1820 1.002726 0.992562 0.978896 0.945477
   1821 0.961297 1.011334 0.933301 1.045535
   1822 1.005960 0.952722 0.993709 0.973480
   1823 0.939274 0.953161 0.972064 0.948484
   1824 1.007463 1.004211 1.008271 1.000884
   1825 1.062926 0.991976 0.981382 0.951466
   1826 1.032244 1.021386 0.986388 1.056382
   1827 0.946620 1.013701 0.952361 1.010757
   1828 1.004117 1.002726 1.047077 1.002179
   1829 0.939406 1.011518 0.956153 1.057082
   1830 1.062925 0.993641 1.065008 1.000120
   1831 0.979858 0.956652 1.017620 0.986595
   1832 1.025553 1.003727 1.031549 1.052537
   1833 1.009313 1.011170 0.959896 1.056211
   1834 0.937034 0.954170 0.983815 0.995626
   1835 0.954244 1.013763 0.940645 1.055677
   1836 0.946748 1.000571 0.917853 0.958216
   1837 0.972701 0.903563 0.959315 0.949433
   1838 1.028577 1.007120 1.074855 1.044792
   1839 0.993830 1.009282 0.953078 0.970540
   1840 0.956667 1.087651 0.931782 1.115562
   1841 0.962970 0.959352 0.959991 0.951180
   1842 0.958125 0.946251 0.957427 0.887950
   1843 0.955947 0.899201 0.935787 0.892444
   1844 0.977769 0.966725 0.930738 0.993648
   1845 0.959386 0.949238 0.938927 0.892290
   1846 0.988081 0.962721 0.991078 0.981212
   1847 0.917363 0.956451 0.900372 0.912083
   1848 0.954486 1.056406 1.007394 1.002418
   1849 0.977474 0.956049 1.039026 0.978277
   1850 0.952522 0.985550 0.980771 1.000829
   1851 1.000295 0.983019 1.031154 1.007395
   1852 1.030137 0.936391 1.046370 0.941589
   1853 0.938391 0.974513 0.930583 0.949890
   1854 0.996198 1.059565 0.995267 1.055164
   1855 1.023807 0.960160 0.996324 0.952026
   1856 0.911484 1.006907 0.954409 1.037384
   1857 0.935644 1.011691 0.940870 1.063366
   1858 0.908555 0.997494 0.922650 1.000009
   1859 0.948051 1.008494 0.947763 1.056715
   1860 0.992895 0.944991 0.916964 0.938795
   1861 0.954699 1.011227 0.978521 1.043416
   1862 1.000271 0.958470 0.950595 0.946874
   1863 1.017966 0.980466 1.042154 0.951150
   1864 1.011638 0.957937 1.056046 0.994323
   1865 1.057973 0.945082 1.040935 0.951744
   1866 0.975109 1.005897 0.962469 0.999513
   1867 0.987468 0.956423 0.958976 0.966102
   1868 1.002874 0.992632 0.989343 0.989521
   1869 0.995251 1.001056 1.007827 0.999022
   1870 1.014207 1.117927 0.990482 1.148123
   1871 0.986065 1.010624 1.019171 1.029468
   1872 0.987148 0.938878 1.007566 0.886587
   1873 0.970411 0.886293 1.004115 0.885511
   1874 1.051684 1.046197 1.001576 1.057710
   1875 1.015309 0.902685 1.017124 0.927564
   1876 1.014015 1.006312 0.974906 1.056390
   1877 0.975569 1.015974 1.037180 1.064751
   1878 0.978769 0.953407 0.994865 0.944434
   1879 0.958290 0.901524 1.013855 0.928363
   1880 1.026802 1.059643 1.036063 1.067694
   1881 0.991313 1.011859 0.972035 1.054177
   1882 0.984722 1.061695 1.014526 1.058249
   1883 0.960432 0.902184 0.953083 0.908387
   1884 1.095286 0.895102 1.128402 0.940560
   1885 0.962429 0.999595 0.962356 0.960330
   1886 0.986257 1.024123 0.969147 1.057979
   1887 0.995302 0.987421 1.010894 0.986881
   1888 0.993351 0.898455 1.025584 0.932362
   1889 0.987751 0.903300 0.918434 0.940359
   1890 0.936209 0.948069 0.954888 0.933152
   1891 1.000172 1.007879 1.024717 0.952619
   1892 1.023924 1.003296 0.983434 1.033723
   1893 0.961823 0.940064 0.979582 0.921665
   1894 0.998047 0.951458 1.001690 0.938821
   1895 0.942215 0.953805 0.944298 0.961492
   1896 1.037032 1.059553 1.066978 1.050952
   1897 1.009835 1.009048 0.981263 0.994792
   1898 1.029328 1.005068 1.065023 1.002281
   1899 0.991180 1.104629 0.982453 1.121119
   1900 0.985848 0.975182 1.036746 0.945870
   1901 0.960086 0.998085 0.968994 0.956020
   1902 1.000029 1.020410 0.999941 1.054857
   1903 0.952827 0.953669 0.966070 0.946583
   1904 1.007351 0.951076 0.985011 0.954426
   1905 1.005470 0.958889 1.035498 0.952179
   1906 1.041261 0.941422 1.007895 0.943930
   1907 1.042167 1.010013 0.948104 1.005767
   1908 0.940898 0.995960 0.977522 0.961509
   1909 0.983221 0.909430 0.952400 0.950928
   1910 0.993203 0.842407 1.018098 0.865146
   1911 1.019369 0.900990 0.994293 0.892525
   1912 1.007084 1.005520 1.011507 1.000978
   1913 0.937321 1.010866 0.945999 1.023594
   1914 0.928462 1.005799 0.935857 1.041285
   1915 0.967355 0.984787 0.998015 0.968481
   1916 0.949779 1.012458 0.901729 1.037388
   1917 0.997460 0.943970 0.995255 0.891872
   1918 1.031918 1.061346 1.049682 1.045027
   1919 0.978228 0.917649 0.964965 0.950949
   1920 1.042446 1.054317 1.018684 1.058065
   1921 1.010909 0.900034 0.998327 0.891286
   1922 1.004088 1.020278 1.035474 1.004635
   1923 1.039499 0.956496 1.072178 0.968221
   1924 0.955237 0.951433 0.885658 0.978486
   1925 1.036122 0.998463 0.961600 0.949616
   1926 0.958673 1.110677 0.962416 1.059039
   1927 1.023906 1.040572 0.991168 1.064597
   1928 1.013651 0.985764 1.030658 0.950436
   1929 1.027712 0.900440 1.025962 0.889356
